# Official results - the 37th PZU Warsaw Marathon (2015)
# Source: https://pzumaratonwarszawski.com/en/aktualnosci/official-results/
# Gun time in minutes.
129.32
130.75
130.97
134.17
134.68
135.97
139.88
143.2
145.22
145.92
146.83
147.8
149.65
149.88
152.65
152.88
153.67
155.2
155.55
156.03
157.35
157.78
158.08
158.58
160.15
160.32
161.13
162.1
162.5
163.23
164.3
165.82
165.83
166.62
168.37
168.5
168.8
169
169.05
169.07
169.08
169.15
169.52
169.58
169.77
169.8
169.85
169.97
170.18
170.37
170.7
171.17
171.4
171.5
171.63
171.68
171.73
171.77
172.1
172.23
172.35
172.38
172.53
172.72
173.02
173.03
173.15
173.3
173.52
173.57
173.6
173.73
173.92
174.15
174.32
174.32
174.45
174.5
174.82
174.83
174.92
175.32
175.4
175.45
175.5
175.63
175.78
176.02
176.23
176.33
176.4
176.52
176.6
176.67
176.75
176.83
176.88
177.08
177.13
177.2
177.3
177.32
177.33
177.57
177.57
177.68
177.78
177.8
177.83
177.88
178.02
178.13
178.27
178.33
178.4
178.45
178.47
178.5
178.53
178.55
178.62
178.63
178.67
178.8
178.95
179.05
179.1
179.18
179.22
179.28
179.32
179.38
179.43
179.47
179.48
179.48
179.5
179.57
179.68
179.7
179.72
179.75
179.75
179.75
179.85
179.85
179.87
179.9
179.9
179.93
180
180.07
180.18
180.22
180.23
180.23
180.37
180.45
180.48
180.5
180.52
180.6
180.7
180.77
180.78
180.83
180.9
180.98
181.15
181.15
181.17
181.3
181.3
181.3
181.33
181.37
181.5
181.6
181.62
181.7
181.73
181.85
181.92
181.98
182.13
182.48
182.55
182.57
182.57
182.58
182.75
182.77
183
183.12
183.18
183.18
183.25
183.35
183.68
183.72
188.97
184.02
184.2
183.85
183.92
184.17
184.15
184.67
184.42
184.35
184.58
184.58
184.52
184.72
184.57
184.47
184.67
184.82
187.28
184.9
184.95
184.8
184.97
184.95
184.92
185.07
185.5
185.42
185.3
185.55
185.77
185.92
185.52
185.97
185.72
186
186.13
186.47
186.03
186.62
186.33
186.6
186.48
186.42
186.72
186.98
186.82
186.92
186.98
187.23
187.4
187.75
187.22
187.27
187.25
187.12
187.37
187.4
187.5
187.42
187.52
187.58
187.53
187.57
187.5
187.68
187.83
188.02
188.07
187.9
187.98
188.23
187.97
188.15
188.42
188.35
188.38
188.48
188.18
188.55
188.75
189.07
189.45
188.58
188.62
188.85
189.03
189.22
188.95
189.18
189.45
189.28
189.22
189.57
189.43
189.67
189.65
189.53
189.72
189.77
189.92
189.75
189.85
189.93
189.7
189.82
189.8
189.77
190.05
190.02
190.15
191.78
189.97
190.07
190.28
190.48
190.22
190.17
190.52
190.48
190.22
190.78
190.48
190.43
190.35
190.87
190.87
191.67
190.9
190.9
191.08
191.13
191.27
191.32
191.25
191.28
191.22
191.17
191.38
191.58
191.53
191.62
191.77
191.65
191.9
192.23
192.03
191.87
191.85
192.43
191.98
192.32
192.1
192.1
192.73
192.92
193.12
192.72
192.93
192.45
192.42
192.95
192.8
192.82
193.1
193.93
193.22
193.4
193.57
193.18
193.33
193
192.98
193.52
193.23
193.38
193.57
193.38
193.32
193.45
193.52
193.67
193.3
193.4
193.6
193.63
193.15
193.57
193.75
193.62
193.75
193.55
193.83
193.77
193.38
193.95
193.88
193.97
193.9
193.95
194.15
193.92
193.92
194.07
193.93
194.03
194.33
194.35
194.17
193.88
193.95
194.33
194.32
194.32
194.33
194.63
194.45
194.55
194.53
196.27
194.77
194.43
194.53
194.82
195.17
195.02
194.65
194.63
195.08
195.03
194.98
195.17
196.43
195.73
195.75
195.43
195.15
195.5
195.68
195.87
195.7
195.78
195.63
195.72
195.9
195.75
196.1
196.82
195.67
196.33
196
196.02
196.87
197.4
196.2
196.17
196.67
196.92
196.5
196.45
196.4
196.92
196.55
196.75
196.3
196.67
196.97
197.03
197.08
197.13
197.3
197.05
197.1
197.12
197.32
197.43
197.08
197.42
197.47
197.42
197.73
197.9
198.27
197.48
197.83
197.75
198
198.42
198.13
197.67
198.05
197.85
198.5
198.2
199.67
198.25
198.32
198.83
198.05
198.25
198.52
198.62
198.57
198.25
198.17
198.4
198.68
198.87
198.9
200.53
198.85
199.68
198.63
199.12
198.92
198.93
198.6
198.93
199.3
198.9
199.1
199.1
198.7
199.25
199.28
199.15
198.93
200.45
199.38
199.28
199.75
202.37
199.77
199.2
199.07
198.88
199.35
199.42
199.48
199.57
199.32
199.52
199.53
199.38
200.27
199.83
199.72
199.17
199.8
200
199.77
199.93
199.8
199.63
199.97
200.22
199.98
199.98
200.15
201.58
199.8
200.22
199.98
200.02
200.05
200.37
200.27
200.08
200.48
200.4
200.27
200.33
200.23
204.88
200.05
200.55
200.08
200.55
200.9
200.55
200.27
200.63
201.57
201.05
201.13
200.97
202.18
201.17
201.4
201.72
201.05
201.45
201.17
202.73
202.72
201.48
201.4
202.18
201.47
201.87
201.47
201.13
204.55
201.42
202.32
203.07
201.42
201.97
202.58
201.65
201.32
201.73
201.77
201.57
201.78
202.05
202
202.33
201.85
202.08
201.9
202.3
201.87
202.43
205.07
202.2
206.72
202.25
202.22
202.58
202.05
202.3
202.43
202.3
202.18
202.32
202.43
202.35
202.9
203
202.7
202.98
202.73
202.82
202.9
202.72
202.58
202.98
203.77
203.03
203.8
204.02
202.6
202.43
202.72
202.75
203.75
202.88
202.5
203.45
202.88
203.22
202.83
203.03
203.65
203.6
204.63
203.2
203.43
204.18
207.52
202.87
203.63
203.38
204.28
202.88
204.93
203.58
203.73
204.42
203.48
203.15
203.68
203.35
203.98
204.75
203.98
205.22
204.63
203.87
203.62
203.85
203.8
203.93
204.62
207.13
203.88
204.32
204.38
205.82
203.7
204.48
203.72
204.72
204.25
204.82
204.8
204.27
204.92
204.6
204.55
204.62
205.08
204.27
204.55
208.03
204.65
204.82
205.43
204.62
204.32
205.33
204.62
204.67
205.82
206.15
204.68
205.93
205.38
205.1
208.98
205.77
206.15
205.07
204.78
205.1
205.47
205.37
205.28
205.03
204.97
206.57
205.07
206.45
206.03
206.38
204.82
205.4
205.77
205.3
205.4
205.25
204.8
206.2
205.47
206.48
206.1
205.1
205.9
205.43
205.83
205.55
205.37
205.15
208.95
206.43
205.43
205.28
205.4
205.8
205.73
205.65
205.3
205.72
205.83
205.68
206.25
206.77
205.85
206.07
206.87
205.98
207
205.93
205.7
206.27
206.38
206.13
208.25
207.12
206.32
206.58
206.22
206.52
206.4
206.87
206.52
206.48
207.15
207.08
206.98
206.23
206.55
207.45
206.37
206.93
206.83
206.3
206.85
207.97
207.03
207.42
206.55
207.7
207.53
206.78
207.03
207.72
206.97
206.97
207.45
206.93
207.9
209.92
206.68
207.98
207.22
207.02
207.57
207
208.5
208.22
207.45
207.9
206.52
207.42
207.28
207.78
206.97
208.47
210.83
208.63
208.25
207.42
207.37
208.23
207.73
209.08
207.2
207
207.8
208.12
207.47
207.45
207.95
207.43
208.43
208.58
208.35
208.28
207.92
208.65
208.47
209.2
208.08
208.82
207.23
208.87
207.75
207.88
208.63
208.75
208.5
208.25
209.25
207.87
209.1
208.23
208.82
208.58
209.15
209.17
208.93
209.93
209.43
208.78
208.4
208.92
208.8
209.7
208.77
208.68
208.18
209.37
208.87
209.37
210.38
209.95
208.38
208.45
209.18
208.53
209.03
208.78
209.55
208.88
209.77
209.42
208.87
209.63
209.1
209.3
209.38
209.25
208.97
208.65
209.7
209.55
209.33
208.67
210.58
214.12
209.53
209.68
208.93
209.73
209.62
210.32
209.4
208.77
209.22
209.3
210.67
210.07
210.57
211.95
209.62
209.62
209.65
209.18
209.72
210.97
210.23
211.95
210.18
209.65
210.58
209.7
213.42
209.72
209.87
209.7
210.23
209.53
213.42
209.88
210.18
210.73
210.23
210.17
210.45
209.38
210.42
209.83
210.52
210.23
209.97
210.77
210.7
209.63
213.43
210.65
211.02
210.57
211.25
210.53
210.6
210.73
210.22
210.23
210.02
209.93
210.52
210.27
209.37
210.85
210.53
210.63
210.55
210.72
210.22
211.15
210.68
214
210.47
210.85
211.07
210.82
210.58
211.25
210.85
210.55
211.25
210.9
210.85
213.73
210.63
211.42
214.57
210.87
211.18
210.38
210.33
211.18
210.92
211.23
210.53
210.52
211.57
210.28
210.68
211.1
210.9
211.68
210.67
211.38
210.87
212.32
210.3
212.22
211.1
211.1
210.67
209.98
211.57
210.78
211.33
211.47
211.5
210.55
210.63
211.5
215.43
211.8
210.8
211.02
213.15
210.87
210.92
210.27
211
211.52
212.27
210.82
211.98
212.48
211.43
211.95
212.55
211.83
211.65
212.62
212.02
212.75
211.78
211
212.25
210.88
210.9
213.47
211.72
211.7
212.18
212.27
211.48
211.52
212.2
211.5
213.27
212.9
212.42
212.4
212.23
212.48
212.4
211.87
212.37
212.72
211.87
211.43
212.72
212.4
212.82
212.7
213.07
214.1
213.03
212.8
212.15
212.02
213.58
212.43
212.78
213
212.18
213.07
212.55
212.8
212.07
213.38
213.27
212.1
212.33
212.45
213.1
213.17
220.95
212.47
213.97
212.98
213.43
217.52
212.62
212.22
213.27
213.23
213.23
213.35
213.28
213.23
213.52
213.68
212.6
213.93
213.65
216.12
213.48
214.05
214.1
212.63
214.35
213.67
215.53
214.05
213.13
216.13
213.65
214.37
214.17
213.82
213.42
214.07
213.12
213.78
213.65
213.63
213.45
214.23
215.47
214.47
214.57
213.9
213.87
215
213.88
215.88
214.13
212.72
213.27
214.52
213.53
213.52
215.45
213.33
213.6
213.78
214.43
214.15
215.43
217.2
213.42
214.28
214.53
213.55
213.42
213.6
214.38
217.95
214
213.5
214.38
213.52
214.47
220.82
214.03
214.85
216.47
214.03
215.07
214.57
214.55
213.77
215.17
216.37
215.77
222.85
215.12
215.53
214.28
214.88
215.4
214.18
214.4
215.8
214.62
215.2
215.47
215.58
214.03
215.72
214.33
216.82
216.38
216.67
217.08
220.75
215.27
215.43
215.38
215.4
215.68
214.47
215.57
215.82
215.82
216.78
216
214.95
215.35
217.52
215.73
215.3
216.25
216.55
216.18
215.97
215.35
215.65
215.93
215.93
215.8
216.32
216.17
216.22
215.95
216.33
215.88
215.32
216.32
216.38
215.8
216.18
216.62
216.52
216.53
216.52
216.23
216.57
216.93
219.53
216.05
217.25
215.75
217.05
215.63
216.15
216.93
216.83
219.73
216.33
218.23
216.47
216.3
217.62
216.38
215.73
217.42
220.3
219.42
217.1
217.77
216.85
216.47
216.2
216.43
218.13
216.65
216.37
217.55
217.12
216.07
215.53
216.57
218.92
217.2
217
216.73
216.73
216.17
218.4
219.57
217.25
218.07
216.43
216.53
216.88
219.2
219.65
217.43
217.78
216.67
216.52
216.52
216.63
217.42
216.35
220.95
221.47
216.37
217.32
216.57
216.48
218.52
217.38
216.73
218.38
220.55
218.05
217.2
218.2
218.33
218.07
217.9
218.15
217.2
218.03
216.92
218.82
218.97
218.38
217.9
218.65
221.6
218.15
220.77
219.55
218.65
218.45
217.17
218.9
217.35
218.42
218.22
218.57
218.57
218.52
217.85
218
219.15
218.78
219.08
217.95
218.95
217.5
217.93
221.67
218.23
219.15
218.45
218.63
218.83
217.82
217.82
218.85
218.38
218.57
219.02
218.35
217.83
218.52
219.78
217.32
219.15
219.7
218.1
219.32
219.57
218.27
219
222.57
218.15
218.15
218.95
219.25
220.08
218.77
219.5
219.97
218.02
220
219.37
220.15
218.77
218.78
218.1
221.37
219.18
219.8
219.12
218.78
219.75
219.07
219.43
218.65
219.08
221.37
220.22
218.65
219.75
219.38
219.72
223.7
220.75
219.6
220.25
218.5
218.75
218.88
219.98
219.35
220.52
220.28
219.95
219.48
219.72
220.68
220.17
219.8
219.18
227.33
220
221.15
219.43
218.98
220.48
219.13
220.03
224.55
219.6
220.55
218.7
221.23
219.03
221.08
219.92
220.35
223.38
219.15
221.17
219.27
219.72
221.12
220.88
220.98
223.48
221.25
221.18
220.6
220.25
221.25
222.6
220.38
219.93
220.6
221.78
221.22
221.25
219.5
220.4
221.1
219.48
219.65
221.15
220.75
220.58
220.72
221.37
220.75
221.07
219.48
221.17
222.13
220.4
220.22
221.17
221.57
221.03
221.13
226.95
221.63
219.47
220
221.92
221.22
220.3
221.7
221.75
220.03
220.98
221.5
221.68
221.27
219.82
221.08
221.92
222.1
221.12
221.88
220.8
221.92
221.08
221.05
221.65
223.95
222.58
221.63
220.8
221.53
221.25
222.73
221.45
221.85
223.57
221.5
221.67
224.95
221.6
221.83
221.45
221.47
221.8
221.78
221.52
220.73
221.97
221.2
220.85
221.88
220.78
221.78
221.78
221.02
223.62
221.97
222
220.73
221.55
222.48
223.3
222.98
223.55
221.2
221.37
221.77
222.25
221.53
221.62
224.8
221.93
221.95
221.72
222.2
221.37
222.2
222.93
221.03
221.72
221.83
222.52
222.97
222.92
222.08
224.35
221.93
221.98
221.95
222.6
222.62
224.82
221.97
221.92
222.58
220.85
221.95
221.73
222.1
225.55
220.92
223.82
222.75
223.05
220.93
223.43
222.08
223.18
221.13
223.8
221.83
221.98
221.77
226.2
222.43
221.95
221.82
223.37
222.28
221.68
222.3
223.42
223.17
222.68
224.03
222.23
223.07
222
223.42
222.52
223.52
223.42
221.6
222.72
222.55
221.82
221.88
222.88
221.82
223.35
223.72
221.87
228.47
221.32
223.77
225.88
224.25
224.18
224.33
223.37
223.25
222.47
222.2
222
223.25
227.88
224.32
223.7
222.02
223.02
224.32
224.13
224.12
222.72
223.83
223.17
225.15
224.53
223.48
224.62
222.18
223.53
223.68
223.08
222.85
223.87
224.33
224.62
222.47
224
226.8
224.03
224.9
224.1
226.8
224.15
224.57
224.37
224.77
224.23
224.68
227.98
224.73
224.83
224.77
226.57
225.08
223.88
222.85
223.12
222.97
226.98
225.47
224.63
225.43
223.75
224.67
224.88
225.25
223.07
223.97
223.97
226.13
226.93
224.97
224.93
226.98
224.85
229.7
225.03
223.67
224.95
223.22
224.17
224
224.68
225.48
224.62
224.85
223.57
224.98
225.97
224.45
224.55
224.53
224.3
224.38
227.62
223.37
225.7
224.5
224.58
225.35
223.43
225.67
225.7
224.08
227.87
224.92
225.58
224.53
225.77
225
223.6
226.45
225.52
224.53
224.35
225.35
225.53
223.85
225.15
224.82
228.25
225.62
228.22
225.38
224.15
226.47
226.4
226.05
224.72
225.63
225.48
224.27
223.97
225.28
227.05
225.22
225.85
226.67
225.67
228.28
229.65
225.55
225.03
225.78
225.78
225.85
225.07
231.95
225.75
224.85
227.97
225.55
226.22
224.28
225.9
226.1
226.22
226.67
224.63
225.68
226.42
226.37
226.33
226.5
226.4
226.05
226.6
226.5
225.33
228.88
226.2
224.88
226.23
225.45
226.28
225.47
226.1
226.08
225.72
226.02
225.82
226.68
226.77
226.5
224.7
226.12
224.72
224.37
227.28
226.62
227.28
224.62
226.93
226.9
226.75
226.63
226.75
226.33
226.95
225.63
226.4
225.13
227.37
224.4
225.9
229.52
226.42
225.2
227.1
225.87
228.42
225.65
225.87
227.93
227.15
227.93
227.15
224.85
226.95
226.47
225
226.18
226.8
226.62
226.72
226.95
227
227.75
226.78
227.13
227.17
227.03
227.22
227.15
225.57
225.57
226.95
227.17
226.02
225.45
227.02
227.37
228.1
228.35
228.82
227.65
227.5
227.33
227.6
227.23
226.18
228.3
227.62
227.28
226.45
227.6
227.45
227.1
227.43
227.48
227.47
227.8
227.48
228.58
226.92
227.43
226.93
226.43
227.52
228.53
227.33
227.88
228.2
228.32
228.33
227.17
227.2
227.37
227.15
227.93
228.18
227.32
225.42
225.83
227.72
226.53
227.45
225.42
228.03
227.05
230.13
226.97
228.28
227.68
227.18
227.15
228.35
226.07
228.02
228.25
227.92
227.8
228.23
227.95
228.48
227.18
228.2
229.48
226.95
229.25
226.9
228.93
230.85
227.2
228.53
227.12
227.95
226.15
229.38
228
228.83
228.32
226.05
229.57
227.97
227.08
229.32
229.42
229.17
228.92
229.28
227.27
226.13
227.72
229.22
230.12
227.07
228.52
228.98
227.35
228.92
229.72
228.73
226.88
227.05
227.53
229.73
228.63
231.43
230.23
229.08
231.47
228.23
229.77
227.3
227.4
227.15
235.3
227.47
229.7
228.45
228.15
226.88
228.58
229.58
229.73
229
229.5
228.82
227.42
230.2
229.93
228.52
228.78
229.73
227.85
235.95
230.02
230.58
227.37
229.7
227.85
229.8
229.33
232.9
230.1
230.15
229.12
229.28
229.77
230.15
229.67
229.5
229.75
229.57
230.42
229.9
228.53
231.73
230.52
231.63
228.93
230.05
229.88
230.62
229.93
229.87
229.47
231.03
228.2
228.75
229.48
231.73
229.73
230.8
229.78
227.38
229.3
230.78
230.08
227.75
229.87
229.98
232.15
229.28
230.45
230.88
230.05
230.32
228.1
229.67
230.65
230.8
230.53
231.57
234.98
229.98
228.4
230.68
229.78
230
230.77
229.9
233.9
229.4
232.9
228.23
228.68
228.25
230.27
230.62
230.88
235.03
230.58
229.53
234.3
229.65
230.5
234.42
230.15
230.65
228.03
229.67
230.38
231.02
229.55
230.72
232.92
231.75
231.12
230.42
229.43
233.63
230.9
230.78
230.57
232.25
232.3
231.33
229.08
231.27
230.4
231.03
230.72
234.95
230.42
230.8
230.77
229.77
230.72
231.83
231.77
232.45
231.2
231.48
229.95
229.4
231.37
231.68
232.5
233.67
231.63
231.73
230.45
231.18
231.32
230.68
229.48
231.37
230.8
229.15
230.68
231.65
229.93
231.83
231.73
231.42
231.7
232.02
231.88
230.15
231.55
232.58
232.42
230.08
234.7
232.05
234.27
234.7
230.08
231.55
231.52
230.43
231.42
231.88
232.32
229.55
229.83
231.78
231.87
232.27
231.25
232.17
231.52
231.72
231.7
230.92
232
232.4
232.18
231.53
231.43
231.33
231.52
232.13
231.2
233.6
233.68
232.15
230.37
234.35
232.13
232.25
232.35
231.07
232.55
232.4
232.47
232.25
232.15
231.87
232.25
233.98
232.27
233.2
232.85
238.52
232.57
232.58
231.98
231.85
232
232.38
232
230.85
231.85
237.18
230.67
234.08
233
232.17
231.13
232.85
231.12
230.42
232.72
231.72
235.98
232.78
233.35
239.47
236.15
233.92
233.35
232.22
232.8
231.13
231.43
232.87
232.7
232.7
232.62
235.85
232.3
232.52
231.95
231.75
232.22
233.02
232.25
232.93
232.87
232.67
231.65
231.8
231.35
235.08
232.93
232.1
232.67
232.93
232.18
234.4
230.47
231.4
232.23
233.82
232.67
233.05
230.8
232.37
231.63
232.63
231.5
232.45
232.75
232.73
232.2
234.78
232.67
233.03
231.47
233.12
234.67
232.83
234.7
233.48
232.68
231.18
232.95
235.1
233.33
238.07
235.62
232.43
233.27
234.02
232.05
238.37
230.68
235.08
233.73
233.33
233.08
235.25
235.25
233.03
235.05
232.98
233.4
233.28
233.95
233.15
235.62
233.85
234.23
233.4
233.42
231.5
232.92
238.05
232.42
236.2
233.22
232.25
236.3
235.98
231.93
233.32
232.27
233.32
233.58
233.98
236.97
233.32
235.9
234.2
234.22
233.2
233.13
234.15
231.97
232.67
233.97
233.73
233.3
232.4
234.57
232.7
234.6
233.8
237.2
233.95
233.48
234.45
233.42
233.72
233.93
231.57
233.62
234.15
234.1
233.57
234.15
237.6
235.97
235.35
234.6
234.7
237.47
235.63
233.58
236.95
234.28
234.18
234
234.83
238.32
235.6
232.92
233.97
234.78
235.02
234.5
235.27
234.92
234.48
232.8
236.9
236.92
235.67
235.18
237.33
235.8
233.28
234.62
232.75
232.58
236.23
233.92
233.72
234.9
236.67
235.37
232.65
233.73
233.78
237.6
234.83
233.98
233.45
237.35
233.1
232.78
235.23
235.23
235.9
233.45
233.2
233.58
237.02
235.65
234.68
234.82
235.62
235.48
236.17
235.1
233.68
237.7
235
235.37
235.18
234.68
235.42
235.72
237.63
233.67
236.38
235.78
235.63
234.73
235.2
235.82
235.2
237.68
234.93
236
236.63
235.98
234.1
235.48
234.58
233.88
236.02
234.3
236.93
236.8
235.25
236.5
237.8
236.17
236.4
236.73
235.88
236.9
234.78
235.27
236.12
235.58
235.43
239.73
235.67
234.97
235.77
234
235.13
237.18
234.57
236.3
235.88
234.55
238.5
236.32
234.72
234.37
238.3
235.62
238.33
236.57
237.13
235.25
233.93
237.88
235.48
235.58
238.5
236.87
237.02
237
240.15
234.53
236.48
235.97
237.08
236.48
235.82
238.13
237.03
234.85
235.57
236.83
236.2
235.55
234.07
234.95
237.78
237.4
235.97
235.45
236.77
239.37
235.55
236.07
237.42
239.4
235.48
238.88
237.53
237.32
238.08
236.83
237.63
235.05
240.08
237.12
237.6
238.45
235.17
237.95
237.35
237.33
237.55
239.07
236.1
236.2
236.32
237.05
237.73
238.53
236.68
237.88
237.22
236.88
236.12
237.78
237.33
237.58
238.83
237.95
238.53
238.25
237.22
237.47
239.32
236.55
237.77
238.23
236.3
238.1
240.1
237.07
239.67
235.38
239.17
238.2
239.17
237.75
236.47
239.7
238.18
236.73
238.2
236.75
236.28
237.35
236.72
237.05
236.88
238.27
239.67
237.68
236.88
235.5
240.95
235.87
238.33
237.95
236.8
238.33
238.03
238.13
238.28
238.28
239.05
235.62
238.07
239.87
238.05
236.43
237.08
238.05
239.93
238.98
238.37
238.23
237.63
237.73
237.7
236.4
237.43
236.95
237.48
243.33
236.93
237.95
236.97
237.32
238.1
240.68
242.37
239.83
237.17
241.15
238.35
238.92
238.15
237.35
238.72
236.83
236.52
239.3
238
238.17
236.43
238.42
236.57
239.93
238.42
239.27
236.28
239.48
239.05
242.7
238.18
238.48
236.97
236.08
238.23
238.12
238.08
238.35
238.93
236.5
237.98
240.73
237.98
238.73
238.28
238.77
238.25
239.45
237.72
242.12
240.33
238.38
237.57
241.77
238.98
237.4
238.45
238.5
238.83
239.67
238.88
238.17
238.97
240.43
238.43
239.22
238.63
238.9
242
238.73
237.48
236.77
238.1
238.13
239.88
239.93
239.77
240.37
239.23
239.4
237.38
240.4
237.88
239.77
238.48
239.43
239.7
238.73
235.68
239.17
238.63
242.78
239.2
239.8
240.92
243.83
239.65
238.3
238.77
240.92
238.87
238.25
239.02
236.68
238.73
240.37
241.02
239.78
238.02
240.58
239.98
239.07
240.32
239.8
240.18
237.97
238.93
239.68
238.8
237.87
237.87
239.08
242.35
237.57
239.93
238.67
240.77
239.68
237.7
239.82
238.93
238.23
238.23
241.6
238.27
241.6
240.43
238.28
242.42
239.7
239.77
240.02
238.72
242.22
240.13
239.55
243.15
238.97
239.28
241.48
239.77
239.23
240.13
240.43
239.02
241.32
238.95
238.22
240.8
240.7
241.37
240.58
240.82
241.2
238.32
242.72
240.55
239.98
239.83
238.98
239.15
238.92
241.82
239.82
238.48
240.02
242.2
243.28
239.5
240.97
239.7
241.62
238.27
239.42
238.25
239.75
241.6
240.08
239.47
240.33
241.65
241.58
241.02
240.35
243
239.33
242.67
237.53
240.58
241.15
242
239.75
243.42
238.28
241.15
239.75
237.58
245.25
238.5
239.77
241.88
245.7
239.3
242.28
241.8
238.18
240.38
242.32
240.17
240.02
242.9
241.43
240.62
239.77
242.4
241.3
240
239.43
241.5
240.87
237.5
240.05
242.17
240.28
241.4
240.35
239.6
240.4
241.32
240.72
240.43
239.9
239.82
239.6
239.92
241.62
240.83
240.37
240.4
242.03
239.45
240.08
240.68
241.1
238.87
241.57
240.57
239.75
242.83
241
240.77
244.03
241.72
241.57
241.87
240.63
241.48
242.77
241.42
242.78
241.55
241.43
240.22
243.6
241.65
240.15
242.4
241.85
242.57
242.12
238.53
241.48
242.85
242.75
243.08
242.73
240.18
241.45
242.43
242.32
242.32
242.05
242.37
242.15
241.38
242.82
242.05
240.18
242.05
243.73
242.5
242.3
242.18
240.02
243.48
242.5
240.48
242.42
242.92
243.5
241.68
242.27
241.5
243.43
241.37
242.33
240.77
242.45
240.22
242.83
241.95
242.87
242.22
243.38
242.53
241.87
240.75
241.53
241.88
242.78
241.25
241.4
241.82
243.63
242.65
243.32
243.98
241.18
242.67
239.55
242.33
241.62
242.3
242.17
246.22
244.43
240.6
241.6
243.15
242.73
243.32
240.18
240.55
242.95
241.6
241.58
242.05
241.07
242.78
242.02
241.4
241.82
243.83
239.83
243.02
238.93
243.42
240.63
243.15
241.25
243.62
242.62
244.72
240.78
241.33
241.33
243.42
243.45
240.48
242.18
241.37
242.25
242.22
242.23
241.08
243.55
242.83
243.58
242.15
242.78
241.08
243.95
242.75
243.4
242.13
243.07
241.87
242.88
242.82
242.08
244
242.42
242.82
241.85
242.42
240.67
242.03
243
241.48
242.5
242.17
242.23
241.02
240.8
242.95
240.88
248.42
244.95
242.6
240.53
242.42
240.73
242.43
242.08
243.8
241.28
241.87
239.45
243.83
242.35
242.62
242
242.97
242.28
243.57
244.77
244.1
240.77
243.63
244.43
242.73
242.48
242.48
241.7
242.7
243.32
243.12
242.38
242.6
241
243.35
242.27
243.03
242.2
244.07
243.3
243.87
242.43
239.48
243.28
244.78
244.57
243.38
244.05
243.35
243.78
240.88
245.03
242.33
243.25
247.38
242.83
244.33
244.73
244.68
241.95
244.1
242.08
242.88
242.63
243.75
242.9
241.37
243.22
242
253.83
242.67
242.88
243.62
243.88
244.8
242.77
243.53
242.75
241.13
241
243.75
240.22
242.97
243.85
242.88
242.58
241.13
243.47
243.65
241.88
243.8
245.18
242.8
245.62
244.32
242.92
243.5
241.6
247.65
242.68
242.92
240.38
243.33
243.53
243.02
242.3
242.45
243.82
244.08
243.45
241.1
244.63
243.73
244.33
240.93
242.78
243.57
243.8
243.87
243.98
245.25
243.55
244.7
239.82
243.63
242.02
243.17
243.67
244.65
242.03
242.98
243.75
242.17
243.2
244.85
245.48
242.77
244.48
244.53
244.65
244.43
241.97
241.52
243.7
246.25
246.13
243.27
244.55
244.17
244.08
243.38
244.07
243.4
240.28
245.47
244.73
246.27
242.83
243.75
243.95
244.23
243.05
242.87
243.43
243.13
242.95
247.13
244.77
246.22
247
242.88
242.93
241.03
244.87
244.52
246.13
248.75
243.33
243.82
243.2
244.43
240.43
244.67
242.83
244.78
243.8
245.72
244.02
245.38
245.18
242.42
242.53
242.02
243.9
244.55
244.8
246.6
245.67
245.33
242.57
246.2
244.08
244.62
246.45
246.38
244.15
244.78
245.48
245.1
244.6
246.57
246.22
242.27
244.25
244.08
246.3
245.62
246.43
245.97
242.73
247.92
243.78
243.05
243.15
241.9
243.57
243.1
246.92
245.57
244.3
244.6
247.03
247.27
247.5
244.3
245.05
247.05
244.4
242.83
243.9
245.18
245.65
246
245.9
245.12
244.28
248.72
247.23
246.17
244.6
246.65
243.78
245.93
246.57
246.9
244.28
245.23
242.17
243.95
244.98
244.52
244.65
242.77
244.6
245.5
248.08
246.73
243.83
244.07
244.3
246.28
246.47
246.82
246.45
248.9
246.85
245.65
245.75
244.25
247.07
244.12
245.97
245.38
245.47
245.67
246.88
242.35
246.25
247.08
246.88
244.3
247.08
248.23
247.03
243.77
247.13
246.88
246.35
248.02
247.47
246.83
247.7
246.12
247.65
247.83
247.68
249.13
246.85
244.52
246.95
248.5
246.2
248.98
245.65
245.27
246.77
250.65
246.4
246.9
249.55
246.72
247.5
245.95
246.07
245.43
247.27
249.63
249.88
247.47
247.9
248.3
247.52
243.23
245.17
247.58
248.27
245.28
248.52
246.62
246.58
247.65
248.33
244.8
249
245.38
246.73
248.08
246.82
247.07
245.88
250
245.62
246.83
249.98
247.1
250.3
247.27
247.38
249.25
248.55
247.4
247.62
247.12
247.2
249.22
248.85
250.62
245.3
247.62
247.35
249.28
249.33
245.35
247.07
249
248.3
248.27
246.53
248.43
245.18
247.98
249.77
247.15
249.4
247.22
249.72
247.4
247.72
247.93
249.82
248.87
247.63
254.93
247.92
248.42
247.47
248.53
246.78
247.33
250.17
249.85
248.05
250.57
249.77
250.37
248.2
248.75
246.67
248.63
245.57
247.82
247.33
247.33
250.12
248.52
247.73
250.95
248.75
246.75
245.95
247.38
248.65
249.8
248.93
250.37
248.9
250.37
248.22
251.77
249.82
246.98
247.62
249.13
245.52
250.85
250.82
249.3
249.3
250.47
248.3
248.3
248.45
250.82
249.92
250.82
250.83
246.57
248.28
250.7
250.95
246.85
251.35
250.52
249.8
249.77
245.28
251.38
249.95
250.83
248.43
247.78
250.45
249.67
250.25
249.65
248.9
250.57
250.37
247.82
251.23
248.68
249.28
249.3
248.75
249.33
249.18
250.43
248.98
248.2
251.1
248.1
248.7
246.85
247.4
249.97
247.17
249.83
245.98
249.97
246.9
250.3
248.18
249.53
249.9
249.5
251.9
250.33
250.33
250.05
248.13
248.42
250.6
250.6
250.35
250.77
247.97
248.37
250.5
250.85
250.73
250.9
250.9
251.3
250.85
252.7
250.45
249.82
251.88
253.23
252
249.02
250.73
251.42
250.9
251.25
248.52
251.45
251.03
249.73
252.92
250.05
250.9
248.88
250.23
253.15
251.93
249.85
249.35
249.08
252.2
250.82
250.52
250.08
249.67
248.72
249.83
250.3
250.07
249.43
253.77
251.02
251.47
250.65
251.8
253.5
249.9
249.82
250.1
255.87
251.47
249.73
249.67
250.45
253.53
249.75
252.25
250.62
252.03
250.58
251.22
250.38
252.77
251.25
252.87
250.35
252.63
252.17
253.32
253.53
255.9
252.45
249.97
251.07
251.95
250.6
248.9
251.07
250.45
252.95
253.58
253.6
253.18
253.13
249.72
249.8
250.07
256.72
252
250.08
252.97
252.43
254.2
252.13
254.17
251.28
254.17
250.38
253.55
251.9
254.52
254.43
249.77
247.75
251.05
252.08
253.07
253.6
251.32
252.33
250.05
253.17
250.72
253.18
248.87
253
255.32
250.65
252.6
251.53
252.6
251.67
253.53
253.05
256.03
250.45
252.22
250.6
251.27
251.1
255.97
255.23
252.25
255.97
253.25
251.02
251.27
254.47
252.12
253.08
252.83
252.63
252.5
254.92
254.88
253.93
251.37
254.75
256.43
254.77
253.8
249.98
253.9
257.87
252.47
251.78
253.88
254.42
254.22
254.1
254.97
254.88
253.18
248.9
251.9
251.33
251.7
251.53
250.67
253.58
257.87
252.32
252.7
253.55
256.03
254.67
255.02
254.02
254.08
251.93
253
254.25
252.53
254.97
254.87
252.52
255.33
253.3
254.35
254.92
253.67
255.08
250.22
255.05
254
255.18
251.93
252.77
254.95
254.87
255.18
256.2
253.35
254.3
254.47
254.48
256.2
255.8
255.17
254.1
255.13
252.95
253.58
253.73
251.72
254.33
255.28
255.15
255.62
252.4
256.2
256.2
255.8
255.02
253.5
255.47
255.95
255.67
259.6
252.15
255.7
255.3
254.78
254.73
252.35
254.77
254.3
255.62
255.97
255.18
254.03
254.8
253.82
253.9
255.62
255.53
253.02
255.98
255.8
253.95
253.07
252.67
257.23
255.37
255.28
255.7
254.87
255.22
255.23
257.53
253.87
258.07
259.53
256.2
254.5
255.97
256.22
255.37
253.98
253.33
255.93
253.83
254.85
254.87
253.62
258.25
253.67
252.62
258.25
253.12
253.47
256.58
254.42
254.17
256.07
258.78
252.12
258.97
256.63
254.33
253.77
255.95
257.17
254.28
255.83
256.95
255.12
255.68
255.83
257.22
254.25
252.62
255.9
253.27
256.17
252.35
251.62
259.77
258.17
255.6
255.15
255.57
255.3
255.03
254.15
254.4
255.53
256.43
254.9
256.42
255
255.43
255.12
255.65
254.98
259.68
256.95
256.02
257.72
255.65
255.85
256
257.35
255.58
257.52
256.57
259.75
253.1
257.28
256.53
257.33
257.32
257.5
255.32
257.25
257.98
255.68
256.25
254.53
256.67
257.88
253.18
256.6
256.6
259.3
256.85
256.47
256.53
254.68
260.2
258.28
253.8
258.85
259.28
255.93
257.4
258.98
258.58
254.43
258.8
258.02
258.68
259.63
254.27
258.32
263.97
259.3
258
258.65
256.13
258.82
258.6
257.3
254.28
254.72
258.47
257.97
258.42
262.08
254.85
254.83
259.68
257.05
258.83
258.43
255.98
258.83
257.28
259.1
259.1
258.5
257
259.17
257
257.48
257.2
259.63
255.55
259.57
259.55
257.67
259.6
259.03
256.95
259.28
259.03
262.48
258.92
259.95
259.95
255.58
260.85
255.63
258.25
256.3
259.47
259.98
259.97
259.78
258.93
259.73
260.82
260.27
261.15
259.93
258.3
257.42
260.62
259.7
257.93
260.12
257.52
256.55
259
259.07
258.08
258.03
259.33
260.65
262.28
256.33
257.3
259.3
259.15
257.98
258.47
259.58
258.53
260.55
261.53
260.93
260.38
259.93
259.1
258.92
260.35
258.28
259.82
260.45
260.73
256.92
260.75
257.87
257.35
258.65
257.18
260.77
259.13
258.18
258.72
260.63
258.73
262.08
259.88
260.2
263.52
258.8
257.3
254.95
258.17
255.93
259.22
259.67
260.37
258.5
261.03
260.03
263.33
258.85
258.85
260.87
258.18
261.22
259.98
258.18
260.32
260.87
262.73
260.67
261.72
260.15
260.87
260.6
259.82
260.57
256.5
259.47
260.63
259.05
259.47
261.2
258.13
261.55
261.28
261.28
261
258.48
261.23
261.43
260.42
259.88
262.12
261.88
260.07
261.72
258.82
258.93
260.52
255.33
260.52
262.33
261.38
262.15
258.38
261.78
262.32
260.82
262.42
260.05
259.88
258.88
258.32
260.6
261.97
259.83
261.62
261.62
259.67
262.48
260.08
258.48
258.6
259.6
259.15
259.72
258.78
264.93
264.48
263.58
260.2
260.75
260.22
261.5
260.13
264.63
262.15
261.13
263.8
260.78
260.48
259.77
259.67
260.38
257.92
262.58
260.85
259.9
261.15
260.85
260.85
262.82
259.85
258.78
262.43
261.35
260.78
263.43
261.27
259.02
261.15
263.53
260.48
260.37
259.72
262.45
256.58
259.28
263.15
262.17
259.27
260.03
262.77
262.5
262.98
260.6
262.53
261.62
263.38
263.63
261.2
265.38
261.37
257.7
262.33
263.55
263.6
259.25
262.68
260.77
260.57
261.12
263.92
261.57
263.93
263.65
261.42
261.72
259.7
264.72
263.1
262.6
262.85
262.33
263.3
259.6
260.47
261.9
262.18
261.05
262.27
261.05
261.65
260.95
262.77
262.3
263.85
264.08
259.55
263.85
263.7
262.18
263.68
265.37
261.68
260.25
263.12
260.2
263.5
263.8
261.83
264.43
264
267.87
258.6
260.1
261.62
263.92
263.05
259.6
259.48
261.75
261.55
263.48
262.72
262.72
264.38
263.9
262.6
265.28
264.35
263.85
261.38
261.2
262.28
260.1
264
261.6
263.63
263.57
261
263.33
267.22
263.4
264.92
261.28
263.32
264.48
263.77
263.35
261.05
262.9
262.48
261.72
264.67
263.2
262.42
265.75
265.72
264.6
264.65
264.83
263.28
262.03
264.47
264.88
264.88
261.98
263.3
264.9
262.28
264.28
264.67
265.18
264.98
266.98
265.53
264.77
264.23
261.18
265.02
262.25
264.35
261.08
266.62
260.8
264.33
263.2
263.87
264.87
263.85
262.98
265.8
266.85
264.55
265.97
265.97
264.1
262.67
264.87
265.32
264.03
262.65
262.65
263.6
264.6
273.25
264.03
265.4
264.15
260.12
263.98
262.87
263.77
265.6
263.97
264.6
265.43
264.88
264.88
265.97
265.15
261.4
263.93
264.97
266.42
264.08
266
262.95
264.97
265.42
265.65
264.92
265.42
267.37
264.4
265.33
266.12
266.57
262.35
264.78
267.57
269.4
262.15
264.6
266.32
265.17
266.55
266.58
266.57
266.3
264.95
268.28
267.05
268.72
268.83
263.33
267.52
260.47
266.68
264.48
268.12
261.3
265.27
267.63
263.25
265.27
265.33
263.07
265.22
263.07
262.2
264.9
266.53
267.77
265.73
262.57
262.58
265.83
266.35
266.25
265.2
265.05
265.05
267.53
267.62
264.78
267.82
268.52
265.2
268.02
265.23
267.6
266.17
268.83
265.17
264.13
269.07
262.23
264.97
264.8
265.03
265.22
265.22
267.6
265.95
267.8
266.55
269.48
267.9
268.28
268.27
263.33
264.98
268.92
268.6
266.78
267.1
267.62
265.2
268.38
265.45
267.23
268.3
269.62
267.75
265.62
268.02
267.27
264.5
267.87
263.25
267.25
265
268.15
267.23
267.25
268.45
266.35
269.17
269.15
265.45
268.53
269.98
268.97
266.15
265.23
266
266.2
267.97
269.22
264.95
275.23
268.43
267.12
269.23
269.1
270.17
267.2
268
266.02
268.77
269.25
270.73
265.62
267.42
266.62
271.1
270.67
266.08
265.28
268
266.55
265.78
268.13
268.82
271.03
270.57
272.55
268.07
265.92
268.4
269.3
268.73
266.88
269.3
266.98
267.63
270.27
265.88
269.82
265.42
269.52
270
268.72
265.7
269.52
270
269.73
268.7
269.43
269.85
268.1
266.97
268.9
267.97
265.5
264.85
266.2
266.43
264.6
263.95
268.13
268.08
266.6
269.05
267.72
270.65
264.92
269.93
271.18
266.13
270.05
270.08
267.08
270.05
269.87
270.45
269.98
270
269.88
266.38
269.38
269.42
269.32
267.4
270.97
270.12
267.08
269.08
268.72
270.78
266.22
270.58
267.47
268.88
263.93
268.03
269.13
268.67
268.62
267.78
269.22
273.08
265.53
265.83
272.23
272.93
270.48
270.82
273.02
266.82
268.9
270.45
271.33
266.95
268.72
267.92
267.92
269.97
265.65
271.15
272.37
271.17
269.43
265.9
269.43
270.55
271.43
270.48
273.1
272.8
268.5
267.98
268.78
271.82
269.3
270.47
267.68
271.4
271.25
273.37
271.32
271.32
268.63
271.67
273.9
271.15
271.82
272.05
269.28
268.08
271.5
270.67
271.48
268.2
271.35
270.13
271.03
272.33
268.67
271.55
273.22
270.98
270.05
271.85
271.53
273.18
267.95
272.9
268.63
271.53
269.63
272.6
273.3
272
269.18
270.68
273.3
268.8
269.73
270.18
272.28
268.47
273.6
271.42
272.33
272.4
269.48
273.62
273.78
269.5
268.35
271.7
272.38
272.27
271.7
273.55
273.38
271.7
272.83
271.95
270
271.55
273.87
271.37
268.92
268.38
271.83
272.62
270.37
273.88
272.65
269.52
272.4
273.22
270.5
273.87
272.03
269.93
273.4
274.58
273.13
273.92
271.95
273.13
272.53
273.4
273.27
272
273
272.07
270.58
273.27
271.03
273.62
272.47
274.88
273.25
268.17
269.22
273.25
270.45
273.27
270.5
272.38
270.52
274.98
271.25
270.95
273.17
271.25
270.95
271.27
273.03
273.85
273.82
275.92
273.83
273.05
271.78
275.18
273.7
271.93
273.85
274.08
275.37
273.75
272.93
273.75
273.75
273.17
273.32
274.9
272.32
269.67
272.1
270.17
273.82
273.75
275
274.43
270.63
275.25
275.65
275.13
275.13
275.12
272.4
272.47
271.83
272.53
272.75
272.47
272.57
270.22
271.52
272.85
277.17
274.53
274.1
274.05
274.13
275.47
273.42
275.35
271.82
275.47
276.17
275.97
275.6
272.05
273.45
273.45
273.02
276.27
272.5
268.43
275.83
273.72
275.75
274.68
274.92
274.95
275.7
272.55
275.72
272.63
273.38
275.47
269.9
276.23
276.23
275.3
276.6
274.65
273.95
276.08
269.78
273.08
275.97
274.8
273.23
275.08
275.08
276.18
274.78
275.05
276.27
276.13
275.05
276.15
275.18
272.25
273.48
271.67
276.17
276.4
275.57
271.45
273.95
276.38
275.57
276.62
270.52
276.68
273.9
276.52
275.82
278.05
273.85
276.62
274.85
272.97
275.55
273.12
273.22
272.23
273.53
275.38
277.63
272.57
271.22
276.3
276.05
277.13
272.68
271.87
277.27
277.42
277.27
275.45
276.33
277.32
274.33
269.75
275.73
276.63
277.47
276.15
274.82
272.62
275.52
272.85
275.62
277.32
275.78
273.62
274.57
278.87
275.35
275.17
277.33
275.8
275.75
274.75
275.73
277.67
277.8
276.83
277.53
276.75
273.17
273.57
273.57
276.67
278.72
273.15
276.27
274.58
275.87
273.9
276.68
276.32
270.72
273.55
276.02
275.12
276.58
276.55
275.45
276.48
274.97
275.08
276.35
273.83
278.03
277.45
276.03
274.53
276.15
276.37
277.05
278.12
278.53
278.37
276.8
273.62
276.55
276.83
276.55
277.32
276.57
276.13
276.55
277.32
278.52
278.55
272.18
276.38
276.53
273.27
276.53
274.65
279.22
275.47
275.35
278.78
277.75
278.8
277.77
277.23
274.38
278.78
273.42
277.5
279.33
278.78
279.37
277.2
275.45
273.77
276.97
278.27
276.2
279.3
278.18
277.15
279.63
279.08
275.87
276.77
279.42
279.3
275.18
277.77
276.22
278.72
278.35
278.33
278.23
279.28
279.28
277.95
277.83
277.83
275.35
279.33
276.7
276.33
277.33
275.13
275.78
277.5
275.87
281.32
273.17
278.2
278.2
276.33
279.77
279.97
280.3
276.9
277.67
281.05
275.07
280.02
279.28
278.3
277.63
276.37
276.7
280.63
280.43
278.27
279.37
280.2
279.15
276.55
276.4
280.95
280.95
279.67
277.67
279
278.48
281.25
277.25
279.02
274.38
277.72
280.9
279.25
280.97
281.37
280.83
277.85
278.07
279.52
280.65
274.87
279.37
279.7
279.7
277.9
279.3
279.28
280.85
273.52
280.85
280.97
281.15
275.55
279.27
278.97
281.95
281.53
279.33
281.35
280.15
281.13
281.32
279.1
279.4
279.4
281.42
279.92
279.7
278.08
277.62
279.73
280.2
275.97
280.57
281.5
276.43
283.53
281.42
278.4
277.8
281.97
279.63
278.38
281.73
281.38
283.17
280.88
281.5
283.08
280.18
280.88
282.08
282.65
276.62
282.37
282.95
281.98
279.53
281.45
280.72
283.3
278.38
279.98
280.17
280.78
278.42
279.62
282.97
279.5
280.13
281.98
280.23
280.93
279.53
282.67
278.15
282.67
282.73
277.75
282.78
282.8
278.67
278.95
282.48
280.85
277.87
282.5
278.45
282.62
279.78
280.48
279.55
282.88
282.73
281.03
282.93
283.08
283.08
281.03
282.72
279.22
278.68
281.35
284.03
282.9
281.18
281.17
284.1
280.78
283.02
281.73
280.78
282.87
279.95
279.23
283.37
282.25
275.58
282.25
282.12
280.62
283.87
281.85
282.33
281.88
279.48
280.98
282.52
282.45
282.22
281.37
282.43
281.32
284.03
283.88
282.02
282.28
283.25
283.25
283.95
282.05
281.7
282.32
283.02
283.02
285.05
280.28
283.08
278.17
283.63
283.4
283.4
283.9
280.73
282.82
281.02
285.5
285.6
281.42
282.95
284.93
283.2
282.2
282.18
284.73
281.13
283.12
281.43
280.35
280.13
280.13
283.65
281.38
283.78
285.35
281.85
286.03
285.55
284.58
285.08
285.02
283.58
281.25
281.82
283.45
284.47
282.25
280.58
283.33
285.98
285.4
286.38
283.63
279.17
286.1
285.47
285.4
284.08
284.6
285.83
284.48
284.48
286.48
284.23
284.48
285.13
284.23
284.3
283.45
286.45
286.7
280.77
285.97
283.77
283.67
286.13
284.75
286.27
286.42
286.38
286.4
285.15
286.58
284.6
281.75
285
287
285
283.7
282.45
285.53
285.05
285.17
284.95
286.47
284.1
286.77
287.32
286.78
282.55
287.23
282.78
282.85
282.75
287.07
286.1
284.27
280.23
286.02
287.07
286.75
284.48
285.5
285.92
286.62
281.97
287.57
286.38
286.27
286.27
283.95
286.3
287.95
288.35
288.78
282.45
286.1
284.37
288.12
288.48
284.47
288.12
286.55
284.4
286.47
284.3
285.2
285.23
283.05
288.17
281.78
286.18
286.8
288.47
288.55
286.83
287.88
286.1
286.18
287.4
287.25
288.67
288.17
287.42
283.72
284.32
288.82
286.78
288.25
286.48
286.53
288.57
283.12
287.43
288.93
288.28
286.7
288.67
289.18
288.35
288.35
287.82
284.63
288.78
286.48
288.8
287.6
288.75
287.78
287.53
288.98
285.85
285.2
286.02
289.77
287.33
284
288.35
289.43
289.45
288.33
285.8
287.15
290.08
288.5
287.77
290.07
290.23
288.12
290.6
289.4
290.38
289.47
288.47
288.68
286.88
288.6
287.87
290.22
285.65
288.9
289.55
288.27
288.9
288.7
288.78
287.6
282.57
286.97
287.93
289.02
289.47
287.8
288.72
289.17
288.5
288
286.43
289.65
288.7
288.77
289.35
289.07
291.38
289.18
283.72
290.3
291.22
288.05
290.88
291.23
291.43
288.05
290.95
288.2
286.23
289.85
289.85
289.85
286.07
290.88
290.88
286.8
287.57
287.32
289.83
287.65
284.52
291.2
287.05
291.5
289.57
291.45
291.47
287.8
292.05
291.8
291.22
292.75
288.95
286.8
292.75
290.38
292.25
292.22
291.5
289.28
291.5
291.63
291.55
291.77
289.07
292.23
286.07
288.07
287.98
292.88
283.85
288.33
291.35
289.33
292.1
289.6
290.78
285.63
292.32
292.35
290.37
293.18
291.9
289.58
292.87
290.5
291.08
293.43
293.08
290.78
293.4
291.15
287.07
293.03
291.4
293.02
289.98
290.98
293.4
296.23
291.7
288.47
289.53
290
291.1
291.53
292.65
292.65
291.3
286.03
291.72
293.27
292.5
293.27
292.95
292.1
294.27
294.27
293.75
286.12
287.22
293.8
291.3
292.17
293.25
291.8
289.98
291.83
290.03
292.77
292.77
291.62
292.38
294.13
289.23
293.77
292.55
294.05
293.5
293.65
291.1
293.93
293.65
293.98
294.47
294.52
294.68
294
289.68
289.08
293.67
286.08
294.32
294.1
292.48
292.7
295.08
292.72
294.93
294.57
293
295.55
294.47
294.32
289.9
292.28
292.57
294.48
294.62
295.33
291.68
293.63
293.43
291.03
292.47
294.88
294.4
288.65
294.48
293.45
294.48
293.85
294.48
293.52
292.68
290.65
293.58
293.5
292.88
290.07
292.43
295.88
295.02
292.93
291.68
295
295.02
295.02
294.95
295.47
287.52
289.8
293.73
291.28
295.67
294.27
295.43
292.77
293.2
295.28
294.63
294.27
296.8
294.07
295.32
295.33
293.62
293.52
296.58
296.28
295.42
296.9
288.63
296.5
294.45
296.68
296.32
294.95
296.18
292.9
293.75
297.45
293.72
296.25
296
296.67
292.13
296.72
297.02
297.35
296.72
296.52
294.13
297.18
297.02
294.77
293.98
297.17
296.9
297.05
297.25
296.88
297.07
294.03
297.42
292.13
295.3
295.3
295.3
293.97
296.88
295.9
295.82
295.55
295.83
295.83
297.05
297.63
297.53
298.83
295.2
297.08
297.15
294.02
293.15
295.25
297.33
297.78
297.28
294.2
297.28
297.77
296.13
297.18
297.62
298.3
298.18
294.33
295.78
297.62
297.12
298.08
295.62
298.23
293.05
297.83
297.58
297.53
298.13
295.18
298.2
297.83
296.43
296.5
296.47
295.93
296.77
295.3
296.78
295.97
298.73
295.2
295.67
298.52
297.98
296.8
298.3
297
296.95
296.5
298.23
298.03
297.27
297.87
298.97
294.7
298.3
297.48
297.27
298.68
298.38
296.48
297.42
297.93
298.62
299.43
297.07
292.48
297.18
298.8
296.98
295.42
297.23
296.72
299.75
298.83
296.47
297.5
297.23
297.5
295.12
297.75
299.7
300.17
297.95
298.9
296.82
299.48
298.6
299.4
299.38
300.73
298.48
299.97
299.73
296.25
297.02
298.08
298.07
299.65
292.77
296.23
297.27
300.67
298.62
298.42
300.47
301.02
300.82
300.38
301.02
299.97
300.4
298.17
297.08
293.07
305.03
300.33
300.33
300.3
301.75
298.92
300.85
301.02
301.08
301.13
298.53
301.67
301.45
299.07
301.58
300.93
299.02
299.68
300
301.23
300.13
300.68
301.92
298.32
298.3
301.15
301.13
298.65
297.83
301.05
299.92
300.67
302.22
299.9
302.53
301.65
301
300.33
296.98
300.55
302.08
299.95
302.32
297.13
305.58
299.67
300.52
302.7
296.4
302.13
302.13
303.72
302.77
302.1
300.12
301.07
301.22
298.15
303.17
301.43
301.17
300.35
302.97
301.6
301.12
301.6
299.83
302.53
302.55
303.33
301.43
303.38
302.43
302.43
302.15
304.52
303.62
302.17
303.63
303.63
303.47
304.85
297.33
299.35
302.47
304.03
303.43
303.45
303.77
298.05
303.88
304.72
303.92
304.12
299.55
305.02
304.08
299.6
301.07
304.03
305.58
305.53
302.35
304.62
304.38
304.43
305.75
304.55
305.37
301.22
304.73
305.38
302.9
299.5
305.7
304.78
296.93
303.45
303.45
305.42
304.75
297.17
304.68
300.98
306.2
304.08
301.12
305.65
306.08
311.2
302.15
305.75
304.48
298.32
302.53
305.95
313.62
306.8
305.42
306.2
304.33
304.83
302.77
305.85
306.32
306.47
301.68
305.77
305.18
304.98
302.57
305.87
302.27
299.85
304.2
301.47
302.92
302.9
305.35
307.02
304.93
307.53
304.4
307.6
307.47
303.03
307.4
312.33
307.68
306.82
299.28
305.87
304.87
305.87
300.62
306.98
307.43
308.47
306.88
307.12
304.82
305.78
308.22
304.82
305.85
308.07
308.7
307.92
305.8
308.45
307.93
307.85
307.2
307.2
307.98
306.22
308.47
308.2
305.8
308.73
308.13
305.53
308.33
308.4
306.78
308.4
308.05
304.25
306.92
308.62
308.93
308.28
308.72
308.92
310.53
308.73
303.48
306.32
307.53
307
309.93
308.42
308.88
309.75
308.67
309.97
308.55
308.1
308.62
305.63
304.45
308.63
309.68
308.5
306.42
308
306.38
309.27
309.45
305.9
308.4
308.18
310.33
307.63
310.45
311.08
309.82
309.2
308.37
310.27
309.05
311.33
306.85
311.35
307.82
311.18
310.9
309.57
311.32
309.57
311.55
310.62
311.57
311.55
311.12
308.37
312.75
311.48
312.12
312.5
311.92
312.12
312.57
311.83
312.45
311.85
312.75
313.42
312.2
314.45
307.18
313.38
311.35
311.35
313.03
312.48
310.93
305.8
309.38
312.13
313.33
313.15
311.77
313.22
313.02
309.13
312.98
313.5
313.77
307.32
313.4
313.87
311.3
313.27
313.78
314.57
313.55
307.37
314.77
313.97
313.52
310.45
309.1
308.92
311.7
313.4
315.28
313.45
315.58
315.5
315.78
314.68
313.65
314
315.88
315.9
315.88
312.37
310.93
313.97
316.57
315.8
315.52
315.87
315.83
315.35
311.98
314.75
316.78
316.93
317.13
315.83
316.65
316.57
316.77
316.77
315.42
312.08
314.57
317.95
317.57
317.57
317.63
317.05
315.07
317.98
317.03
315.27
315.27
316.65
318.47
318.23
316.92
319.02
317.52
314.15
318.12
318.2
318.07
318.32
319.13
318.05
319.13
318.67
319.33
317.65
314.5
319.25
314.53
318.02
314.55
317.77
319.93
316.47
316.47
314.83
317.87
320.33
320.32
320.28
320.28
317.52
320.68
315.78
320.77
317.23
316.77
313.3
320.8
318.3
319.77
321.47
321.92
319.93
321.87
319.3
319.3
322.17
320.02
320.58
322.42
322.33
322.58
322.45
323
319.88
323.42
323.48
323.42
323.48
323.33
322.3
323
322
322.6
321.47
321.95
323
321.57
323.02
323.05
317.02
324.33
324.72
323.5
324.13
320.45
325.48
324.93
323.13
325.08
324.23
325.08
325.33
324.85
326.4
324.8
325.72
324.87
325.78
325.12
325.1
324.05
325.62
326.57
324.2
326.55
325.95
326.45
326.25
323.93
325.83
325.73
326.9
327.13
326.3
326.15
321.38
321.38
325.37
324.9
326.18
332.18
325.08
326
327.33
328.02
327.87
325.63
325.12
327.18
328.52
327.87
328.13
327.88
326.53
328.25
327.98
329.23
328.3
328.77
324.98
328.67
329.53
326.73
326.9
329.2
329.6
326.02
329.78
329.15
326.45
326.3
328.27
330.12
328.18
325.4
328.78
328.78
330.52
326.42
330.53
330.53
328.67
329.17
327.12
330.38
330.82
331.27
331.43
330.38
330.57
324.57
331.17
332.08
332.55
330.18
336.33
332.65
331.12
333.27
333.27
333.48
332.93
327
331.7
332.67
334.52
332.65
328.33
333.53
333.25
333.55
333.58
331.87
333.42
334.23
329.17
334.28
336.72
336.72
334.22
327.28
334.55
333.78
332.62
334.43
334.87
335.5
335.68
333.18
333.2
334.35
332.77
335.35
333.72
335.78
335.83
336.17
336.75
336.03
334.42
336.42
336.55
337.15
337.6
336.82
337.37
337.72
337.48
337.97
338.18
339.12
338.17
339.22
339.2
337.38
337
333.25
339.67
339.43
340.13
340.08
337.67
334.63
341.4
337.6
341.67
338.03
341.53
341.67
341.52
341.7
341.5
337.53
337.55
341.32
341.3
342.63
338.43
343.78
343.68
352.7
344.9
344.7
342.87
345.35
344.22
345.42
345.07
345.1
344.02
345.85
346.47
344.13
346.93
346.58
343.53
347.78
346.92
346.92
347.85
348.08
345.55
348.58
346.62
349.08
348.83
349.52
345.87
350.1
350.1
345.58
347.32
348.42
351.53
351.75
350.3
343.52
352.75
352.75
352.62
352.73
349.55
352.68
350.35
354.28
348.58
354.33
351.32
354.07
360.32
360.32
355.15
355.48
355.47
351.65
355.77
353.18
357.2
357.27
350.47
358.77
358.67
358.4
358.72
358.2
359.13
356.78
358.85
359.07
355.77
357.52
359.65
359.65
350.87
357.73
360.57
362.58
363.68
363.38
363.4
363.35
361.5
365.17
365.5
374.6
366.75
366.72
366.9
366.9
358.98
368.27
369.57
369.98
370.3
373.75
373.02
375.13
375.78
379.3
382.03
391.58
405.92
403
413.72
413.72
413.07
414.12
