# Two synthetic, well-separable 1d-normally-distributed blobs
# plus 4 outliers.
#
# Generated in Python via:
#
# import numpy as np
# np.random.seed(123)
# x = np.r_[
#     0,                         # outlier
#     np.random.randn(1000)+10,  # N(10, 1)
#     15,                        # outlier in-between
#     np.random.randn(1000)+25,  # N(25, 1)
#     45,                        # outlier
#     50                         # outlier
# ]
0.000000000000000000e+00
8.914369396699438397e+00
1.099734544658358537e+01
1.028297849805199249e+01
8.493705286081908667e+00
9.421399748031463517e+00
1.165143653709715110e+01
7.573320756606925386e+00
9.571087371143823574e+00
1.126593625870553339e+01
9.133259597734898705e+00
9.321113848377946098e+00
9.905291031063109486e+00
1.149138962612428827e+01
9.361098003315348137e+00
9.556018040353935206e+00
9.565648724381482282e+00
1.220593008272545532e+01
1.218678608897378624e+01
1.100405389787887778e+01
1.038618639917485531e+01
1.073736857589624272e+01
1.149073202815079853e+01
9.064166131597609422e+00
1.117582904478210359e+01
8.746119332250987810e+00
9.362248497546589832e+00
1.090710519580030180e+01
8.571319299774030398e+00
9.859931279811334548e+00
9.138245104140313657e+00
9.744380629469402422e+00
7.201410894539275631e+00
8.228466895490152311e+00
9.300122765402083047e+00
1.092746243175858289e+01
9.826364317209783650e+00
1.000284591589681149e+01
1.068822271110228428e+01
9.120463656990947854e+00
1.028362732380729128e+01
9.194633481934383568e+00
8.272330505879391893e+00
9.609100206244898246e+00
1.057380586240505771e+01
1.033858905099980063e+01
9.988169505521179659e+00
1.239236526593772680e+01
1.041291216030877820e+01
1.097873600593734622e+01
1.223814333849795233e+01
8.705914676838752086e+00
8.961211789795045846e+00
1.174371222512293045e+01
9.201937264758937474e+00
1.002968323030333053e+01
1.106931596942434837e+01
1.089070639129317009e+01
1.175488618198111013e+01
1.149564413703346943e+01
1.106939266970573676e+01
9.227291285752809102e+00
1.079486266779321824e+01
1.031427199450686771e+01
8.673734540059543363e+00
1.141729904647685245e+01
1.080723653457856592e+01
1.004549008063109738e+01
9.766907939015586848e+00
8.801698855299212809e+00
1.019952407355863322e+01
1.046843911944564454e+01
9.168845015756721395e+00
1.116220404909952890e+01
8.902796953516965317e+00
7.876899649957557870e+00
1.103972709089270055e+01
9.596633961897891751e+00
9.873970414686985109e+00
9.162483277174946039e+00
8.394037239282596374e+00
1.125523737472421892e+01
9.311131016153078477e+00
1.166095248814793983e+01
1.080730818621072942e+01
9.685241853282539282e+00
8.914097598873134132e+00
9.267538013279542852e+00
8.787476868904830596e+00
1.208711335958818545e+01
1.016444123022982460e+01
1.115020554254663310e+01
8.732647950989772312e+00
1.018103512959700474e+01
1.117786193880857759e+01
9.664989238066983290e+00
1.103111445892174203e+01
8.915432087994233257e+00
8.636528455381416336e+00
1.037940061207813613e+01
9.620823565427448543e+00
1.064205468927183063e+01
8.022112068479550828e+00
1.071226463547051821e+01
1.259830392726931514e+01
9.975374018568519574e+00
1.003414212890984203e+01
1.017954948463867915e+01
8.138024289208212636e+00
1.042614663969031064e+01
8.394590255984034854e+00
9.572320401876195817e+00
1.124286954960373741e+01
9.264783043899923243e+00
1.050124898956740083e+01
1.101273905395636987e+01
1.027874085609600030e+01
8.629051529905392925e+00
9.667524724648586698e+00
1.195941134238828596e+01
7.974954237002529034e+00
9.724213986133824150e+00
9.447891928511891635e+00
1.012074736309713785e+01
1.074821561718723117e+01
1.160869096802205291e+01
9.729767607990842393e+00
1.081234132997682096e+01
1.049974014486517326e+01
1.047434729787179997e+01
9.436076068473527201e+00
9.002678531224098890e+00
8.899956887379303794e+00
9.243562790600876156e+00
1.032168657586622729e+01
1.076094939312832999e+01
1.032346884785689589e+01
9.451044903804259434e+00
1.180597010993247409e+01
1.151886562363153921e+01
9.645999887249827154e+00
9.176568594014334224e+00
1.013021495415796913e+01
1.126729864505435330e+01
1.033276497725411680e+01
1.055654870491004438e+01
9.787919877724373663e+00
1.045627089520223052e+01
1.154454445145613839e+01
9.760331218522289021e+00
1.014330773250787310e+01
1.025381647654962691e+01
1.028372535577103797e+01
8.588111123928772628e+00
8.123131344126106157e+00
8.980344929078160732e+00
1.016794229540166761e+01
1.055385616600321086e+01
9.469325440226375790e+00
1.137725748286730720e+01
9.856824025673812883e+00
1.002031599823462393e+01
9.806036129447337046e+00
1.013402679274666518e+01
1.070447407404360263e+01
1.066565343791233111e+01
9.101577059390409730e+00
1.152366377647852680e+01
8.904973542573081602e+00
1.007922701409061261e+01
9.725603426477647417e+00
8.951008322681513363e+00
9.924879412026168524e+00
9.259186226707601719e+00
1.007290724327605247e+01
1.040308596121936624e+01
1.147192936897327087e+01
1.030738421862741383e+01
9.388774659695174662e+00
9.608380189280397943e+00
1.013997810611456352e+01
1.009346082946215084e+01
1.145958926822842017e+01
1.139535292975695491e+01
9.641064073757739550e+00
9.451357871813801381e+00
7.442945395932142105e+00
9.451079586677780142e+00
9.021942293915715894e+00
9.645175541905182115e+00
1.039158424235011147e+01
1.017719232919898786e+01
9.970031992952458566e+00
1.019958211108851387e+01
9.873882226769008952e+00
1.019701893254347524e+01
6.768944992080687229e+00
9.730706510249245156e+00
9.889149278946993249e+00
9.658738283793415036e+00
9.782053737897058454e+00
1.070331011780672981e+01
9.401894668659174670e+00
1.220070209921712845e+01
1.068829693022208893e+01
9.993692749086127591e+00
9.793337696802433712e+00
9.913477713617865561e+00
9.084692930056021964e+00
9.904797460741990633e+00
1.027868351672705494e+01
1.057954161557323047e+01
1.057968977914433317e+01
9.725122453434066117e+00
8.583917747478070126e+00
9.330897373766553926e+00
1.161219304281238784e+01
1.089605831340994868e+01
1.036961958630417335e+01
9.238705755239875472e+00
1.000364515497377838e+01
8.744331314337518535e+00
9.448063124303926585e+00
9.754796658314804247e+00
9.638360068134787184e+00
1.095660193105601188e+01
8.581274085964547993e+00
9.134567728484846327e+00
8.625312028977781154e+00
8.762646787312146301e+00
1.012405589644664872e+01
8.399559466943728125e+00
1.075386877883763681e+01
9.753184223058925184e+00
1.006878833252597794e+01
1.032257673799720443e+01
9.565833479748409474e+00
1.103247971575337694e+01
9.805657273272364804e+00
1.059407025523906931e+01
9.800887617242747041e+00
1.029087438742492289e+01
1.027966267015796120e+01
1.024996993945553037e+01
9.025692150379081014e+00
1.043587577054744031e+01
9.681043010900404866e+00
1.063048803048991786e+01
7.847506555587695942e+00
8.534883777945049488e+00
1.036344556213502877e+01
1.186292758510522916e+01
1.083505874681123693e+01
9.317549065800019292e+00
8.307947584622043635e+00
1.074268622116161787e+01
9.919416777957049902e+00
1.059070421789438576e+01
1.011529872221079174e+01
1.002964292512049482e+01
1.295862544589317622e+01
9.993870038954421275e+00
9.840754790746734315e+00
9.878551324595978400e+00
9.416463283292342723e+00
1.099013289471531252e+01
9.646245666218650427e+00
1.063594270564458988e+01
1.028460302981355667e+01
1.121898586213242588e+01
1.042017959698836194e+01
8.786615219052352543e+00
8.673512214946059729e+00
1.140836914607690211e+01
9.391289196735558065e+00
8.679397420210348102e+00
9.330381400130240976e+00
1.126462528696800725e+01
8.579787001051487394e+00
9.133504796240391244e+00
9.333192491203480046e+00
8.748810126526805675e+00
8.815672661488335393e+00
8.481892024736341185e+00
9.538812586863278042e+00
9.645091168259915193e+00
9.317461845796694675e+00
8.346302161032358669e+00
1.125333594685599614e+01
8.670921170827838864e+00
1.027803371202287153e+01
8.925233406881124765e+00
1.066831686674152735e+01
1.095583235516716414e+01
9.122386413372344904e+00
8.076284270302874546e+00
1.069578731913960823e+01
1.187580054671363428e+01
1.041569453989243321e+01
1.016054442147971848e+01
1.081976060961018860e+01
1.076505484599701745e+01
9.171011166238990597e+00
9.340848689303351549e+00
1.061112355005591112e+01
9.855986652519707292e+00
1.131660559586355319e+01
9.295657852871242355e+00
1.075060991686848055e+01
1.034263798136922752e+01
9.873562436290365341e+00
1.117591077183460690e+01
1.068007153286743005e+01
8.995032846617895927e+00
1.064021868041984753e+01
1.137499063149419953e+01
9.869555311015377086e+00
9.751344149615027490e+00
9.330352852356474713e+00
9.986396114324648465e+00
1.068620068605290996e+01
9.182331700421253018e+00
8.653642439262760888e+00
9.624250089018072885e+00
8.620275021341250010e+00
1.052321844128263173e+01
9.573310230006198296e+00
8.244598155449192944e+00
9.651392485261489185e+00
9.807385014205909357e+00
1.044913561335971686e+01
9.854636456845788928e+00
1.186872645683980920e+01
9.481296148461000328e+00
9.937601451417693355e+00
9.897089385737329437e+00
9.717371615592975687e+00
1.014242558501294056e+01
1.054123129719767249e+01
1.134009870353643379e+01
8.430743872605535927e+00
9.489657126193879577e+00
9.552228574647756432e+00
1.093785029736170600e+01
9.643336938926655222e+00
8.104824406920680957e+00
1.008773046386657590e+01
9.966310768459061720e+00
1.017975156577131557e+01
8.959837119020518159e+00
1.171903468108450319e+01
9.676140216214653478e+00
9.811703141506333381e+00
9.099991430190838670e+00
9.068997996125276018e+00
8.777263040251215287e+00
9.606689148218842789e+00
9.042418161243366725e+00
1.205646734122522190e+01
8.111507619613185227e+00
8.871669451818206653e+00
9.598585571542985306e+00
1.067349127809832510e+01
9.586243118619938386e+00
1.067596339300297714e+01
9.013196110709678521e+00
1.005929113389470686e+01
1.174404108701083338e+01
9.032255604300521767e+00
1.041956767589539368e+01
1.020692751928326025e+01
7.748465014012129615e+00
9.411029453529321742e+00
1.113115190530598930e+01
1.013507767248469804e+01
8.787731037103936771e+00
1.069077727291564273e+01
9.520877054685646712e+00
1.036005072808083760e+01
1.037692011443763107e+01
8.881304398854426907e+00
1.078982803473429897e+01
8.992491198764824389e+00
8.694214133658359600e+00
9.117171012277962561e+00
9.653909966136804854e+00
1.010940315644126208e+01
9.227416267627560842e+00
1.074481931239511567e+01
1.025146418404359494e+01
9.305201784894496342e+00
1.088899291759485521e+01
1.116106835764648331e+01
9.901315303190486361e+00
9.785016955036109465e+00
8.226228646743647843e+00
9.592487407608530248e+00
9.708493287434635022e+00
1.024537940725969243e+01
9.831573568369528004e+00
1.024402693814049492e+01
1.153409028930386526e+01
9.470085901366323000e+00
9.509027717434152649e+00
8.690834685697417683e+00
9.991339533258415173e+00
1.097681298246961035e+01
8.248929650807630409e+00
9.334143032980612986e+00
1.003594050250391767e+01
1.085010288352443730e+01
1.038287023902686457e+01
1.032546362818213126e+01
9.775687214029099792e+00
1.048187425701871511e+01
1.101430388353346146e+01
8.291008223450797132e+00
1.072853540083513302e+01
9.901240194133286820e+00
9.470011135785485479e+00
7.556924214120685157e+00
8.619648676345700977e+00
1.169805899224725110e+01
9.311451467536445037e+00
8.915231228746918646e+00
9.543574043856407840e+00
9.254852778141406944e+00
1.012435863261891456e+01
1.151697367824661100e+01
9.413384049147786925e+00
1.015429005055187162e+01
8.852762858759763986e+00
1.152016644220653241e+01
1.018904344241411053e+01
8.918180876709380200e+00
1.090430622013464301e+01
1.119998764858261353e+01
1.016145636340763581e+01
8.360603032459223982e+00
1.178516881351647427e+01
1.031012252062652657e+01
1.117045429736145401e+01
9.449106794882856875e+00
9.601376075266099264e+00
1.011045310929056562e+01
1.111340167803587953e+01
1.014299002816716211e+01
8.743166187466318462e+00
1.026198919678334143e+01
1.162953419451076620e+01
1.006580628246283204e+01
1.012938552377648271e+01
8.737456257216180688e+00
8.597010912277159633e+00
9.362307861186758728e+00
9.673482353381276155e+00
1.010406073501028068e+01
1.016595697447417734e+01
1.160190765101692811e+01
1.005868743844991009e+01
1.106442268841090737e+01
9.960670665355085163e+00
1.144890361162576120e+01
8.129602521252799363e+00
9.401268233321570023e+00
1.098303339625924124e+01
9.828403994743284855e+00
1.093152961338796558e+01
1.038506610277727127e+01
1.094587698371303475e+01
1.061306772802884346e+01
1.067364893381374991e+01
1.149245538715154957e+01
1.098647401870094065e+01
1.099380670713640917e+01
1.002041875878557597e+01
9.418149790183127479e+00
9.340439911727703048e+00
1.075094459718967954e+01
7.561539435954976796e+00
8.692821811695713663e+00
9.036746314121209878e+00
9.752378621306382556e+00
7.368561963191666564e+00
1.125872130258933268e+01
1.060017523632959424e+01
1.198458239845856710e+01
1.106221446892278237e+01
1.103037933115202840e+01
1.225067603103086711e+01
9.429041913142569342e+00
8.496541600750605383e+00
9.767642603507260546e+00
9.175007946152838656e+00
9.743154638975552118e+00
8.949781009741910154e+00
1.056788006745399677e+01
1.051298284959872475e+01
9.973077409431727602e+00
1.031158150338288060e+01
9.857949272870817126e+00
1.075203366826728058e+01
1.006964074948535526e+01
9.734554375104226054e+00
1.092958446994271071e+01
1.126082126922676174e+01
1.133745382564121229e+01
9.009725310680517296e+00
9.465552791958302237e+00
8.298503905252307078e+00
9.761434981796393018e+00
1.041612381447762559e+01
9.867198825488024738e+00
1.193085086704830289e+01
9.594156624888643847e+00
8.911491444511071336e+00
1.056850420666787471e+01
1.014993382849815973e+01
1.054964259580038544e+01
1.030378793078618926e+01
1.024376576053087362e+01
7.877701116957408267e+00
9.273885972482654338e+00
9.409675082047135319e+00
9.652035662065074462e+00
9.551608361539058123e+00
1.041281876168769038e+01
1.060088250869201865e+01
8.868359073248846869e+00
1.068680440679467836e+01
1.058576813866707056e+01
1.046577006603821580e+01
8.582105511970331335e+00
1.044058230028899992e+01
1.008259541953627014e+01
1.096088007521384355e+01
1.178435679530130287e+01
1.158806788559426160e+01
1.011264417223992851e+01
9.998125308274229184e+00
1.063194828400933289e+01
8.884960046580559379e+00
8.549316858395199503e+00
9.527469407975001303e+00
1.122056891371452814e+01
9.668871701717527856e+00
1.150258090580943460e+01
7.211887116914997620e+00
8.412793573212368869e+00
9.876311267144300743e+00
1.088819454134087650e+01
9.930376901279906576e+00
9.904347255506699810e+00
9.878258504742907675e+00
8.237102265598926110e+00
1.115806887443985218e+01
9.317235280162629252e+00
1.108953265721445369e+01
9.929476582037649379e+00
1.106816038732908147e+01
1.034325798097756532e+01
9.893325509441757148e+00
1.022626164706870178e+01
8.527022390888424397e+00
1.000602932717103499e+01
1.171604032211213209e+01
1.130819356398871456e+01
9.014976417301927114e+00
1.050568585133792254e+01
1.024797988474753829e+01
1.081718828011740818e+01
1.009415288552221135e+01
9.766496006869900270e+00
1.133063077636064797e+01
1.021639656827201037e+01
1.125546432194631308e+01
1.097438620334449411e+01
9.675512758481092490e+00
9.832999725642840971e+00
1.192983243399902271e+01
1.019148232543991206e+01
9.241371576639975771e+00
8.799956722014975696e+00
1.097413243525775606e+01
1.016029372109627360e+01
9.207908049471015488e+00
1.067458483123662560e+01
1.015974869505592082e+01
8.339524929237043693e+00
1.058868555471081230e+01
1.133319070284323260e+01
1.255985023063247041e+01
1.003490256406200487e+01
1.023264965821054595e+01
1.160659680523480475e+01
1.016872226693647896e+01
1.027534186307992314e+01
9.369381608569424813e+00
8.605624887286809965e+00
1.091268793581985541e+01
8.726429763187756095e+00
1.114065624294746293e+01
9.211834441112340954e+00
1.026523395839829966e+01
9.627728268641714493e+00
1.117460023795734081e+01
1.030084640220658088e+01
1.195909535250714129e+01
8.916322320640418297e+00
1.041386308153575690e+01
1.004734188090713332e+01
1.027994357125692204e+01
1.159592117161044911e+01
1.058531803009228511e+01
8.852474591322792463e+00
1.053351081833982938e+01
9.584380623844248603e+00
9.526645029929209585e+00
1.104585732803336917e+01
9.397660016973771846e+00
9.620269672419864193e+00
1.003240725440387138e+01
1.094618589674538889e+01
1.058158980286118833e+01
9.765585088082127996e+00
9.727823534312607379e+00
8.839870338466472077e+00
9.240164911407337200e+00
9.345618914179507186e+00
9.850709058252554939e+00
1.198676303716916181e+01
9.324530566213567795e+00
9.704170932094362101e+00
7.947601595023394694e+00
1.060057109431050648e+01
8.422551206172993687e+00
9.093410477835643491e+00
1.104233536844099284e+01
7.895071570421038132e+00
1.009592041239523930e+01
1.080092964666512678e+01
1.152544423644027738e+01
9.079906891510386657e+00
9.375975149760135352e+00
1.180443632340260152e+01
9.974939855418401891e+00
9.263736065730327596e+00
9.282514162692772075e+00
9.027443676432534758e+00
9.560327794574007498e+00
1.108822047644934372e+01
1.088776606857346430e+01
8.825729697174654831e+00
1.021458607470423452e+01
9.597840264927482323e+00
1.078244040410444171e+01
9.843640272770700861e+00
1.037152468179976772e+01
9.841394793041500222e+00
7.812914069361777791e+00
1.004700244536864417e+01
8.728253050469913177e+00
1.074712841167684196e+01
9.320172107600212641e+00
9.394987343927009960e+00
9.991097174987697116e+00
1.057779395422438107e+01
9.830256182200871606e+00
1.164218277204501995e+01
1.164881786148580822e+01
1.171546859216999081e+01
9.765681275441233211e+00
8.518041543897144408e+00
1.122007851423827951e+01
9.583654714700223565e+00
1.003816631200200860e+01
1.062832010285517015e+01
8.395563599487347872e+00
1.162912120533249727e+01
1.087496232910330818e+01
1.035227158207147369e+01
1.089091675047869145e+01
1.055695253932734801e+01
1.011682811556907780e+01
9.692225677855439869e+00
9.260857725644218164e+00
1.028721428090336687e+01
1.036120305977167533e+01
1.108319880268819979e+01
1.020066000871919698e+01
9.146798484219438308e+00
8.423767152603343078e+00
9.872437837990069909e+00
9.972541623310428704e+00
9.901908417206399804e+00
8.469487102644375653e+00
1.107446514053550857e+01
1.107262974623378327e+01
9.176714835385508806e+00
1.080598211162215350e+01
1.095283086181165544e+01
1.003844707664769231e+01
9.051501373805923123e+00
1.161338153526102346e+01
1.038092143377222598e+01
9.748962544787957540e+00
1.077284539567290800e+01
1.162220848785015193e+01
9.502839853311135343e+00
1.069142254525678837e+01
1.194316017072470792e+01
8.883435165764520747e+00
9.450746411271937930e+00
9.402144919407795953e+00
9.841672862950780143e+00
9.790026264115805787e+00
1.030079543936705022e+01
9.179624479865262643e+00
9.377336511119107598e+00
1.030129048398257652e+01
1.015491185973371024e+01
1.087407980916020023e+01
1.040935502492563991e+01
1.077184663556076316e+01
8.857047960458499958e+00
9.616583688884217551e+00
1.184837995088344442e+01
1.039207804655166889e+01
1.074739296154631596e+01
1.027273473716279462e+01
1.042533585692878617e+01
9.769095948471825608e+00
1.357157921802631151e+01
9.603844077590300898e+00
9.961678782256848663e+00
7.575163674544750592e+00
1.110626665759472154e+01
9.447747050315072670e+00
9.939205893988358298e+00
9.471959449118168450e+00
9.861317054725153852e+00
9.715752901579369549e+00
9.956958224219350839e+00
9.947198517346153679e+00
9.845794688514116544e+00
9.832122773453720654e+00
1.130851845232601605e+01
1.088141691975925873e+01
1.088744231844659005e+01
9.267551118888224693e+00
1.125682083184836380e+01
1.113164450919588688e+01
9.446595671198435795e+00
1.152385201719980401e+01
9.316774057000211329e+00
8.157968161594922663e+00
1.110152598615317210e+01
9.880481219569924534e+00
1.097692156457498314e+01
9.245797837275809172e+00
8.738229988252957270e+00
1.123187178862396962e+01
8.592731436604232442e+00
8.438969488562635846e+00
8.074413109235647923e+00
7.205527701692421516e+00
8.960895616735609082e+00
7.830592041587963514e+00
9.964394515390170071e+00
7.763582649675353053e+00
8.905726580824010696e+00
1.233206199620965648e+01
1.034512424061207092e+01
1.005280567540772729e+01
8.379248019680142434e+00
9.754402334051228252e+00
1.004810856313661738e+01
8.394819204212941699e+00
1.012618068088061918e+01
1.119123245706509984e+01
9.651741881160619485e+00
9.802763631595714955e+00
7.957903584504576244e+00
8.600766131390413349e+00
1.105769510142821588e+01
9.338449353419493448e+00
9.070288365557583887e+00
9.307416884028643977e+00
9.942533872999169020e+00
8.841584089134208568e+00
1.012651650597023512e+01
8.639992322876940634e+00
1.077400000207578579e+01
8.942944222660397458e+00
1.132026831893210073e+01
9.989967347242616924e+00
9.154355571604769537e+00
1.091146060958231523e+01
8.625503120896887310e+00
9.452934354982589937e+00
9.999924473389384616e+00
9.878833196711791942e+00
7.991414531629374096e+00
9.079353457386634574e+00
1.016823434242343183e+01
8.680108440640090350e+00
1.126642929866584630e+01
1.049518088878598654e+01
9.485759609288928473e+00
9.779707534699936033e+00
1.186156412383181902e+01
1.093598845087631766e+01
1.038021914486617270e+01
8.584481229565723126e+00
1.162961131864595821e+01
1.105240106887397822e+01
9.851594612440129239e+00
9.450301930791216165e+00
9.812096061223227750e+00
8.798063319133026638e+00
9.529214442292659015e+00
1.076316051415451547e+01
8.192378722757428733e+00
9.685925625757725754e+00
1.011375597287983652e+01
1.010356803732332942e+01
8.821063045966575089e+00
8.817847108672939527e+00
1.108916538245838446e+01
8.775470907183709812e+00
1.100865095630843626e+01
9.517634684891508101e+00
1.107979635030093490e+01
9.578921494594986541e+00
8.833528679383695348e+00
1.085655485639346196e+01
9.982608777769803154e+00
1.144857658532445122e+01
1.089220008513783711e+01
9.770573371056203271e+00
9.550332398337026518e+00
1.002337234328724769e+01
1.019021001785919012e+01
9.118251473268191631e+00
1.084193957302457711e+01
9.602636508189602793e+00
9.576972254846687349e+00
9.459311662627497341e+00
1.023101726734337191e+01
9.307947398279145190e+00
1.013497010999029335e+01
1.276660307110187098e+01
9.946390539928657404e+00
9.565995261701351282e+00
8.332310771852098341e+00
1.005022192476406850e+01
8.890769056750393418e+00
9.624441881028428014e+00
1.015160759364714238e+01
8.269010550177847918e+00
1.015746275239845886e+01
1.030451517542604378e+01
8.702899980333349106e+00
9.607690807870913119e+00
8.169333637822195016e+00
1.157550093584240614e+01
1.033056327654884399e+01
9.820411499020897494e+00
9.836564169343837705e+00
1.113144360806576749e+01
9.905834448079389176e+00
1.033081677127575304e+01
1.151862956036549512e+01
9.653832851997801612e+00
8.907364675493267825e+00
9.175499425246378848e+00
1.142866383443929834e+01
1.009142830851405748e+01
9.497668711730325342e+00
1.097364437979915941e+01
1.099795738567716086e+01
9.524352232093560744e+00
9.028063162914548911e+00
8.429471398938790827e+00
8.206111079073762582e+00
9.735013548154002549e+00
9.106804052963207496e+00
1.185847440980618472e+01
1.005853775469502409e+01
8.057850456748839818e+00
1.141872927551006178e+01
1.016171030941759490e+01
1.070497948037310465e+01
1.068203477683340985e+01
1.029655656728653845e+01
1.052334263043454321e+01
1.023876067172970572e+01
8.893614094034562711e+00
1.036673219814247382e+01
1.102390550499254118e+01
9.789943587354182242e+00
1.055130221806975577e+01
1.041958914519806179e+01
1.181565206391910650e+01
9.747249699300239101e+00
9.707995837229757896e+00
9.883068259853249771e+00
9.897608924896310612e+00
7.727382289045698016e+00
9.357390158533428703e+00
1.029988506654577307e+01
9.991743485332145625e+00
9.200660845802866916e+00
9.335220747824619636e+00
9.644386871703041209e+00
9.198428219197579025e+00
9.486949389556599499e+00
9.460609880521465342e+00
1.089537084660717703e+01
1.101639126854107609e+01
1.093358509439467241e+01
1.042670179917521800e+01
9.291677515586451719e+00
1.095983044999373135e+01
9.685749413480570169e+00
1.002305220825946996e+01
1.133822053193058821e+01
1.008399285613164054e+01
1.024728403023761913e+01
8.587220514003410798e+00
1.048700929376685309e+01
9.019993352697518674e+00
1.101193965636790217e+01
9.815400822827148986e+00
7.763831157982889586e+00
9.641979897436657510e+00
9.771965461714083645e+00
1.048547522607809235e+01
1.067051239064716661e+01
9.672235755278812519e+00
1.101286819485387447e+01
6.832944671347093823e+00
9.286011001974770807e+00
8.887635729162813192e+00
8.745816489415078721e+00
1.095970637134751158e+01
1.082917039902485001e+01
9.224229979589777528e+00
1.117805700395996027e+01
1.010146689245241802e+01
9.578315899224847385e+00
9.307077203627562412e+00
9.221728273536907494e+00
1.047277485744953474e+01
1.065015490096700290e+01
1.023850121218790932e+01
7.949782322616902874e+00
1.029635865605290412e+01
1.056539656403880656e+01
9.330794394535550040e+00
1.004325054289835251e+01
8.136115700699251718e+00
8.770030938320227065e+00
9.675764651759472201e+00
9.690248855983893961e+00
1.035167937174960073e+01
8.813074613470590180e+00
9.658793935379327067e+00
9.510220219586591028e+00
1.052801047397920797e+01
1.142104276836833066e+01
1.172092031981007487e+01
8.431559953168642707e+00
9.951985808249542487e+00
8.887470689755234687e+00
9.935255048513759846e+00
1.042291927961594844e+01
1.008149089870341086e+01
9.950988301205539344e+00
1.148303917476530245e+01
1.072098939170390963e+01
9.727345538462216723e+00
1.002421136089529341e+01
1.087089780678939910e+01
1.060979050603927831e+01
9.574923896299178949e+00
8.224757158896430553e+00
8.815342507227310165e+00
1.014597922501351590e+01
8.213473147320994983e+00
9.847605501983572651e+00
9.546430823812471544e+00
1.099925280304720410e+01
8.681956176524543878e+00
8.068231021099011357e+00
9.580359258389892219e+00
1.063476313159352316e+01
1.106991859892735164e+01
9.090672983440057919e+00
1.047026374759618683e+01
8.888569552237646221e+00
1.500000000000000000e+01
2.425117253443054821e+01
2.556759472602776384e+01
2.571815054255184307e+01
2.400061925072647995e+01
2.547489832293698342e+01
2.313150018674944874e+01
2.479734109283444710e+01
2.386575197372165746e+01
2.419230065980285005e+01
2.372392264785565175e+01
2.555362639533898417e+01
2.555387447043186810e+01
2.430879955466722109e+01
2.537558230644359725e+01
2.526127255313537390e+01
2.487154824566655620e+01
2.715817019958357648e+01
2.415912138286013899e+01
2.501430509071313679e+01
2.461761297070444243e+01
2.462821998536957935e+01
2.515941200409147882e+01
2.470560429981035711e+01
2.413957323990776160e+01
2.512422749795972976e+01
2.618233164675398683e+01
2.594276637997850088e+01
2.520304448840871103e+01
2.426460318620107159e+01
2.518642960039947098e+01
2.608464302334594009e+01
2.619118926232698641e+01
2.535968705956639724e+01
2.463564279983378214e+01
2.479724725056712842e+01
2.577204592733850319e+01
2.568634621487125003e+01
2.324230038786201646e+01
2.565861756479227651e+01
2.571128834002952601e+01
2.411280857499472674e+01
2.423501888377631985e+01
2.424283590188236559e+01
2.431973719747715279e+01
2.358325041280576428e+01
2.531309192955194831e+01
2.421428060123248827e+01
2.492961616390871171e+01
2.450243121695100612e+01
2.525517752139668914e+01
2.398938296392805114e+01
2.524526537489646572e+01
2.538978101594369363e+01
2.582759458519862861e+01
2.696776908939065720e+01
2.290789822974578271e+01
2.532031433437313694e+01
2.429083715839325919e+01
2.307494132708884038e+01
2.584163062330665639e+01
2.633219988389490496e+01
2.460837228950074262e+01
2.521091629622200969e+01
2.493592325983684432e+01
2.543419766809319782e+01
2.588053574892359876e+01
2.534493733569339824e+01
2.534576992946015750e+01
2.625973654287163228e+01
2.483533777782337992e+01
2.592306457129895136e+01
2.417799957780848175e+01
2.660708494671670366e+01
2.573782539237290479e+01
2.459624046610854009e+01
2.288545185291033235e+01
2.499968928286885017e+01
2.381819059122924997e+01
2.529963460317974722e+01
2.645116882280047577e+01
2.516005979279648841e+01
2.482198738567547736e+01
2.534220540399585886e+01
2.528565019610987363e+01
2.263713589154775363e+01
2.524093686407051251e+01
2.562027735611769685e+01
2.474065836570729360e+01
2.597855907814050980e+01
2.487232542541700298e+01
2.576699876248040866e+01
2.727310510706215396e+01
2.490360887097352816e+01
2.305786783408175467e+01
2.466340827592439311e+01
2.327410999520992974e+01
2.561123782644039792e+01
2.630935097403309086e+01
2.569587966171754090e+01
2.532030821274626931e+01
2.435507454247524350e+01
2.657564974596647644e+01
2.575327621199931727e+01
2.528446955672955099e+01
2.520486031904657054e+01
2.511162735865000428e+01
2.545221642395940975e+01
2.438667282093839717e+01
2.652524993400341913e+01
2.515233975287394230e+01
2.560005445047250205e+01
2.456643272233057473e+01
2.537491853357342819e+01
2.271824757369352099e+01
2.388170112154184110e+01
2.496858684681353679e+01
2.367752688994333354e+01
2.743941406386516846e+01
2.333191868609061004e+01
2.534590074903593759e+01
2.665577315347416842e+01
2.548128705941208594e+01
2.468977244661862613e+01
2.444785591616721376e+01
2.567325548877264296e+01
2.419972931895745205e+01
2.488051389019124571e+01
2.569119860571808189e+01
2.469212097342369816e+01
2.508751001018871207e+01
2.469591370745099113e+01
2.403020239649313439e+01
2.618915048472214480e+01
2.639306624058299278e+01
2.468330004609664385e+01
2.473442384132141925e+01
2.482210066102012647e+01
2.553880327362578129e+01
2.409469973475847127e+01
2.491147469444740992e+01
2.526295905516914431e+01
2.564204214938724746e+01
2.221916272511857926e+01
2.540340320956851272e+01
2.534584676191908414e+01
2.600772823669963429e+01
2.447373598477930301e+01
2.448164679473093486e+01
2.620251658666970229e+01
2.343684329385079224e+01
2.662909029138139871e+01
2.755589445922782588e+01
2.547745168470488508e+01
2.581409847357661391e+01
2.351041829290065621e+01
2.430544021330242899e+01
2.605786254717210326e+01
2.536181534698223317e+01
2.481857253697322818e+01
2.523286913233954465e+01
2.550697648432026554e+01
2.470690429891296702e+01
2.497105405502326292e+01
2.496369262520106602e+01
2.394772101858906055e+01
2.532359462795909977e+01
2.680358591461309103e+01
2.673196213018619360e+01
2.352360070414824023e+01
2.557063121987673782e+01
2.567550378090577112e+01
2.458948953717635888e+01
2.403579996528760532e+01
2.367918568582835093e+01
2.455529622114996968e+01
2.535000913660721267e+01
2.484194182423274455e+01
2.438906691173684393e+01
2.375084336864910028e+01
2.535071625838829590e+01
2.606654244696945710e+01
2.407307802796550789e+01
2.544842896414872513e+01
2.312052475608959767e+01
2.434253389105875698e+01
2.572960411951576276e+01
2.388223279061037729e+01
2.439556327518756973e+01
2.641796682843670041e+01
2.426715601974745695e+01
2.414605518077073754e+01
2.557584836193067090e+01
2.695473356315529401e+01
2.476033005270588205e+01
2.576873586031859986e+01
2.634576918011500624e+01
2.532555216288057309e+01
2.473008209881493968e+01
2.412367326137451329e+01
2.357478903907893653e+01
2.611170174510380804e+01
2.518095714574188548e+01
2.633280094242293146e+01
2.598892531634970382e+01
2.438302947997238590e+01
2.381311330009964422e+01
2.541266958293691758e+01
2.436749311565878173e+01
2.537668914100072115e+01
2.426884806233859138e+01
2.413877474680272428e+01
2.485900919045928603e+01
2.593410062040798536e+01
2.530653989531357695e+01
2.617837514867178328e+01
2.376643829694477361e+01
2.394292285846770341e+01
2.491083630083968359e+01
2.716570138329306872e+01
2.567428611356237411e+01
2.393338725795527111e+01
2.492385954704229079e+01
2.522071479080125656e+01
2.443131425443899118e+01
2.561327499105650674e+01
2.484355386183519343e+01
2.470066928179032928e+01
2.626025678719247836e+01
2.329033909783971623e+01
2.403819465821530699e+01
2.418269101855921832e+01
2.415231893000130370e+01
2.427124695470862292e+01
2.548847595789082021e+01
2.609653282841034638e+01
2.591604126065588787e+01
2.398043787347098998e+01
2.489258210143012562e+01
2.545226521347482418e+01
2.524000295228544388e+01
2.630574739950923302e+01
2.432466576445598960e+01
2.515631942110082164e+01
2.460676928509391104e+01
2.525107501908952301e+01
2.392110308731030344e+01
2.407106227904242601e+01
2.426988914021151444e+01
2.443633068884495430e+01
2.654792326563276461e+01
2.617540191429543128e+01
2.478735032928605619e+01
2.517293329420950343e+01
2.340556398188960330e+01
2.482070765344853669e+01
2.515961471331172561e+01
2.614568421340122484e+01
2.532680471967496416e+01
2.543289005877555198e+01
2.529776288975046228e+01
2.526900118967212805e+01
2.360324082406502555e+01
2.458324233165970085e+01
2.643488679854154100e+01
2.582389644260924655e+01
2.549423449906513994e+01
2.506671530922405822e+01
2.565944139574566307e+01
2.405511059104718896e+01
2.341994043798624148e+01
2.461791344776503010e+01
2.553792305772377702e+01
2.510782988226861079e+01
2.601395867884495061e+01
2.535145051656046888e+01
2.504484219621434349e+01
2.632748495401563815e+01
2.613237577845746884e+01
2.490190869878055935e+01
2.389695013898392162e+01
2.409263850774448557e+01
2.483854886171584653e+01
2.463318861634754953e+01
2.665776232988065075e+01
2.331986585105536847e+01
2.493574221311078887e+01
2.393377351260176411e+01
2.511680186891305055e+01
2.538226483289201241e+01
2.459510302558609496e+01
2.553048141368151747e+01
2.480137305949370585e+01
2.482060438724382934e+01
2.458211127458108791e+01
2.565082428873158094e+01
2.513850146370624827e+01
2.657323962978279042e+01
2.627002487682438314e+01
2.555377460757057761e+01
2.284055835389995082e+01
2.351567168795936169e+01
2.598625057278982808e+01
2.452436144047494082e+01
2.523484375767829135e+01
2.436952460000027543e+01
2.551788663051624440e+01
2.595798994409450700e+01
2.379037226041438302e+01
2.418642857451246186e+01
2.333627158666828905e+01
2.523340731182877050e+01
2.333471957917017647e+01
2.463391830510136060e+01
2.551961114653280305e+01
2.705809293467495991e+01
2.536841834228745185e+01
2.625288474197492405e+01
2.525915884255976707e+01
2.530924340938501516e+01
2.478907710222680549e+01
2.461672986709636390e+01
2.617437815154269742e+01
2.537467435282496808e+01
2.533629634488455551e+01
2.439182473956893205e+01
2.465495826857156203e+01
2.706749048297906057e+01
2.493249816957172627e+01
2.632616805959199979e+01
2.447974828866592034e+01
2.580154417154828295e+01
2.528979559884561112e+01
2.459628689465686335e+01
2.564856289854448335e+01
2.345655609110752593e+01
2.557462142892116930e+01
2.578690322191164341e+01
2.527307318811269354e+01
2.631092369650385621e+01
2.493189954530643249e+01
2.485086081534884528e+01
2.535503952910800152e+01
2.586770625272017199e+01
2.556984051445248696e+01
2.477338692533740172e+01
2.400477215482135307e+01
2.566347925594631718e+01
2.421042872572686022e+01
2.418172463203973521e+01
2.434535682395730660e+01
2.505770880675698464e+01
2.420370353570949362e+01
2.386431196321496984e+01
2.434115805554221623e+01
2.481666818953909726e+01
2.545428446814507595e+01
2.506726691076374181e+01
2.391953790475112385e+01
2.522866213157105619e+01
2.532275552139600094e+01
2.454503680958544720e+01
2.420375394117203527e+01
2.420336984593761898e+01
2.446818768315444714e+01
2.721424203643587347e+01
2.411092759120945317e+01
2.526599916717887950e+01
2.428589740362708227e+01
2.449401688421468037e+01
2.429386356060359731e+01
2.580120238590657067e+01
2.537910782854330449e+01
2.487065619885919432e+01
2.550293494664976990e+01
2.574346569527384077e+01
2.414928495359849236e+01
2.554725241318303119e+01
2.428236831557838826e+01
2.583793522719352254e+01
2.574019847938655303e+01
2.540370305069677670e+01
2.479007365877596314e+01
2.447389073687890004e+01
2.473637130132690487e+01
2.576915476405353189e+01
2.431766895433231923e+01
2.504967123997034406e+01
2.325237083067823107e+01
2.526037465852430230e+01
2.396447158257904775e+01
2.368186326816494613e+01
2.551871488194064241e+01
2.521033753013380974e+01
2.455662251035199262e+01
2.469790432423069149e+01
2.727103376745669294e+01
2.480585570697703446e+01
2.479878397172241122e+01
2.565230527915474568e+01
2.508721233726835464e+01
2.598742844975757293e+01
2.527744880188214438e+01
2.576108914253838122e+01
2.544333041298483167e+01
2.564530376482364105e+01
2.495734703015382294e+01
2.522252777726910367e+01
2.472896450679941083e+01
2.560416950738634156e+01
2.365396131543465330e+01
2.572613628988805701e+01
2.599802535022220695e+01
2.574176177791472142e+01
2.489590228048338361e+01
2.550522921110696473e+01
2.422342133205624037e+01
2.583710221390104067e+01
2.390078470940829902e+01
2.559373112124952954e+01
2.553265739461338768e+01
2.540672783626369480e+01
2.455291635575273901e+01
2.576016623296754204e+01
2.316273513743635704e+01
2.577722181236795862e+01
2.519143790953291528e+01
2.605095867254185293e+01
2.520004898491654544e+01
2.683819014675971104e+01
2.405818066655185561e+01
2.560940731850156737e+01
2.411399551084427983e+01
2.487361381954577411e+01
2.574237258764267366e+01
2.562543032621050187e+01
2.707953868035767897e+01
2.464859326663649952e+01
2.628600134414618239e+01
2.474569981286980891e+01
2.429909991171530237e+01
2.337704643858297615e+01
2.516267062590215176e+01
2.447869439438387218e+01
2.584751736982890336e+01
2.447159924506556905e+01
2.452339844241805622e+01
2.535465527643093964e+01
2.672121579813939363e+01
2.391135011906385088e+01
2.601761280473199633e+01
2.587410529979537088e+01
2.477905402963156689e+01
2.567541628501833983e+01
2.471572357367252337e+01
2.737138845402525078e+01
2.488790470824492118e+01
2.508041409355266538e+01
2.467420839084917361e+01
2.330654595248845951e+01
2.473684662012180979e+01
2.523203697153890701e+01
2.650092262165673063e+01
2.549195712779656731e+01
2.481061781226730290e+01
2.505994319274761750e+01
2.532734036640829700e+01
2.462103394142106438e+01
2.568223701680286197e+01
2.662508815808667961e+01
2.463685126150446436e+01
2.620753026585036238e+01
2.587632630423131985e+01
2.553724486105386404e+01
2.511192561855686378e+01
2.533778387098271168e+01
2.478260682612819110e+01
2.683686850372659549e+01
2.428159684424453602e+01
2.613494469428593447e+01
2.654972172126561603e+01
2.467686566717729946e+01
2.616584695929210724e+01
2.514398134623101200e+01
2.506235978863550429e+01
2.492543630716387781e+01
2.338626889945757981e+01
2.554792395825170459e+01
2.644355176435174570e+01
2.429527957737539268e+01
2.584733865807903896e+01
2.491479460770627696e+01
2.390731072502258669e+01
2.599788996571978217e+01
2.668603683129624571e+01
2.420574764113039024e+01
2.521580169553287476e+01
2.356026429232064956e+01
2.495799268142876315e+01
2.548606640284326375e+01
2.675290960584345967e+01
2.655757371612612516e+01
2.664249834156322194e+01
2.447290805812795611e+01
2.475483493150098369e+01
2.333569457507806177e+01
2.428484449158102265e+01
2.354817079815489222e+01
2.536553689663724143e+01
2.430300999520875749e+01
2.389857773018502840e+01
2.464458556409931944e+01
2.381512304407055680e+01
2.530901681978763307e+01
2.528444749402343561e+01
2.468428740994226089e+01
2.426932451958657211e+01
2.366055862515443309e+01
2.555535660524803987e+01
2.522872073993543651e+01
2.546431546412244273e+01
2.469356461904735411e+01
2.478207649441859672e+01
2.644199914877630420e+01
2.439941513450106214e+01
2.468735597744191423e+01
2.574389208286514830e+01
2.530291129655562798e+01
2.295337779293350167e+01
2.331211326996833222e+01
2.433916873338990428e+01
2.591029966444536825e+01
2.567167307768268358e+01
2.551952336074998584e+01
2.562774409633582451e+01
2.403105524537747684e+01
2.560104709325055339e+01
2.407871630327745649e+01
2.594729920177210403e+01
2.448943486578592754e+01
2.528162607810667950e+01
2.312550159628098356e+01
2.365111108779461446e+01
2.609067743788757809e+01
2.569174387018691164e+01
2.378206322667919892e+01
2.628559172241400077e+01
2.390921557118185703e+01
2.501996110390433259e+01
2.451989937813384657e+01
2.407658480337887852e+01
2.616794056153857895e+01
2.668498149562426747e+01
2.517827421709765545e+01
2.652599891686266886e+01
2.471878494681060445e+01
2.510830859838235440e+01
2.513148925639461950e+01
2.384329111137627777e+01
2.549945689246253266e+01
2.570969314016236851e+01
2.482652636535867430e+01
2.330824883188715546e+01
2.536770549437107647e+01
2.348498648584971704e+01
2.418873016636422690e+01
2.513142129245031597e+01
2.423033753567624515e+01
2.525367665054517374e+01
2.477378974510352094e+01
2.336950348925894616e+01
2.516797156107850952e+01
2.558657968028654039e+01
2.601240024281188212e+01
2.463343192523305447e+01
2.493851632126479245e+01
2.350489133066020031e+01
2.696488940533929224e+01
2.650500818934968450e+01
2.496816598238644858e+01
2.487515822735504400e+01
2.206977715563202480e+01
2.603526256291274876e+01
2.556286118115728812e+01
2.581281187049686920e+01
2.459475184470057485e+01
2.453057117493663242e+01
2.376458135417966488e+01
2.577800973018500130e+01
2.625215387869846495e+01
2.612388287676304799e+01
2.518725757600835280e+01
2.467334829783247230e+01
2.394802957663389620e+01
2.429824948036914378e+01
2.546755047363502200e+01
2.471544662459912800e+01
2.664140418473552074e+01
2.615235603082432903e+01
2.439819086788384439e+01
2.378433793566499688e+01
2.445158165722883226e+01
2.606538294643649323e+01
2.447607759187827980e+01
2.554598798516650149e+01
2.443411988077282615e+01
2.534316415702344472e+01
2.552814197335298019e+01
2.598583324558454777e+01
2.643324013057975108e+01
2.631022893480793456e+01
2.446982849082722922e+01
2.485298126385595552e+01
2.382647490479165242e+01
2.476431471246553429e+01
2.502431714486459313e+01
2.459604006507056795e+01
2.449641543155049561e+01
2.603208017775246219e+01
2.590748294509074867e+01
2.539912204785204608e+01
2.372248939643704801e+01
2.520093089950023213e+01
2.461576842905999740e+01
2.631572746079709191e+01
2.319770925332663936e+01
2.444117630870035285e+01
2.441334969174643277e+01
2.453342596804009901e+01
2.595757874849713787e+01
2.264764158882314860e+01
2.479194782377011919e+01
2.585072067411746488e+01
2.598011750600835867e+01
2.445092213945993365e+01
2.432022185065791220e+01
2.534621357347270632e+01
2.515103669025072008e+01
2.506940311502725649e+01
2.119862180313900879e+01
2.387282779509686748e+01
2.413677693715149175e+01
2.564300986195903675e+01
2.355924029533092678e+01
2.395337243913954950e+01
2.484561599406759669e+01
2.371240482322014742e+01
2.564285390518096719e+01
2.460859632019139198e+01
2.683290593229431664e+01
2.437028128294111085e+01
2.442371679683343544e+01
2.580443828926931005e+01
2.434466307333352120e+01
2.651156832044217282e+01
2.548291494227225940e+01
2.469612006055618636e+01
2.483920200292292080e+01
2.785070773711758818e+01
2.548865435899795173e+01
2.515047701594142993e+01
2.486742324481661370e+01
2.603716203268026419e+01
2.348167368620073248e+01
2.481881197703317810e+01
2.216634254398649873e+01
2.446659237408833221e+01
2.584792681291069272e+01
2.638223083885521802e+01
2.560597023818003848e+01
2.563996859149774110e+01
2.328409851004536790e+01
2.432162618860506598e+01
2.647440501591212225e+01
2.447613998951586822e+01
2.486401759790688359e+01
2.419443801364231916e+01
2.406624851450975555e+01
2.452973077352029563e+01
2.433894403407285267e+01
2.595750179581684236e+01
2.521536959788929266e+01
2.601888382644351694e+01
2.361276249667290728e+01
2.622545314820405693e+01
2.502145622404490410e+01
2.683934838412594459e+01
2.494722386163935113e+01
2.350659818533707934e+01
2.628422062787383595e+01
2.486351176187646672e+01
2.284788492033311158e+01
2.514519468136970559e+01
2.523122812585812014e+01
2.607611274332861839e+01
2.141250616878554069e+01
2.614886947511129378e+01
2.452540324525803328e+01
2.692624790792086031e+01
2.328171899915934162e+01
2.554533890192071865e+01
2.541171883075526594e+01
2.457788526973941501e+01
2.422619409489132281e+01
2.462625497228889770e+01
2.465327970943755886e+01
2.374656199356230957e+01
2.599299217005124518e+01
2.390779965356790271e+01
2.602319097778000767e+01
2.321106543474907724e+01
2.482281021980812596e+01
2.483769346696420399e+01
2.498420562805644352e+01
2.595629587967930973e+01
2.479765278004223816e+01
2.454207058971629962e+01
2.480067241513927812e+01
2.598100685556974909e+01
2.379439305186530618e+01
2.397933150019353832e+01
2.304330174757672012e+01
2.702724869588640288e+01
2.384025527171754533e+01
2.311456834412826566e+01
2.419110086135458459e+01
2.438754475194814475e+01
2.646545600124040121e+01
2.453510077442469850e+01
2.529176928070937436e+01
2.320922019527477076e+01
2.520798349178167186e+01
2.335120375528075698e+01
2.468640495116713751e+01
2.424012901901706840e+01
2.505827149716643021e+01
2.563440870613862899e+01
2.366410404920187460e+01
2.386358157177757633e+01
2.519358900594458106e+01
2.568728571080249523e+01
2.641737519509479526e+01
2.452810826964731916e+01
2.350852132508910586e+01
2.518662571956058471e+01
2.420535628211204227e+01
2.407557980243351992e+01
2.640817707436528750e+01
2.561871681008712542e+01
2.427192213572366697e+01
2.498128846465834130e+01
2.491432301187909104e+01
2.516509561783379212e+01
2.459406038664209504e+01
2.309993747236295292e+01
2.402364982499440771e+01
2.446800341474520835e+01
2.502811176626622469e+01
2.391770563781985004e+01
2.518628493789407941e+01
2.461872853881592249e+01
2.424052489811017352e+01
2.372972387603557465e+01
2.544649141639144929e+01
2.542424338582297949e+01
2.580022088178898088e+01
2.554928822563026714e+01
2.562413445479450758e+01
2.538207861966013112e+01
2.324159032139954206e+01
2.472088112055364562e+01
2.356761753824310190e+01
2.636921207549303148e+01
2.498598627529358396e+01
2.626975584548519294e+01
2.396967770821601462e+01
2.490813078410731762e+01
2.526337424970889245e+01
2.466909785439648672e+01
2.518778939974992070e+01
2.648216345670838123e+01
2.396808657700069745e+01
2.236207751271162181e+01
2.660062413933332337e+01
2.420833776336143828e+01
2.612249969622258661e+01
2.565191330027082373e+01
2.478331320196727816e+01
2.538034478964435436e+01
2.385946573563650830e+01
2.508589715439278933e+01
2.559404020478538300e+01
2.422566727366347195e+01
2.461970890288831981e+01
2.531259351975132077e+01
2.632327370965461810e+01
2.499684516012722568e+01
2.456934015539103200e+01
2.485358422546554991e+01
2.616017594700537785e+01
2.435848766416854261e+01
2.469976760289413420e+01
2.436773922176514517e+01
2.479568346522275846e+01
2.521369560233776852e+01
2.603387820152111942e+01
2.287542471525610566e+01
2.555548891576203374e+01
2.410841011759985264e+01
2.559307000513031483e+01
2.623963498930120508e+01
2.599559501199982492e+01
2.515795878015892839e+01
2.583449893395906827e+01
2.405661606360931870e+01
2.493216991420192841e+01
2.651947109668098790e+01
2.421074447022364140e+01
2.519726916503940828e+01
2.463082462772219827e+01
2.480489152978741174e+01
2.540607119514651302e+01
2.473048109478659384e+01
2.499659085346186771e+01
2.449541673038753942e+01
2.317497167482907017e+01
2.519309412822875061e+01
2.543947003665123674e+01
2.638217346420405107e+01
2.486813453686296427e+01
2.360529146859063232e+01
2.424599180592675651e+01
2.554039234533923164e+01
2.491547048936692477e+01
2.527929088415876535e+01
2.464691986151228420e+01
2.686980891408117245e+01
2.672798801128149293e+01
2.406840437454671289e+01
2.590903099311085001e+01
2.530406238981478850e+01
2.501355952528967208e+01
2.414031201065581911e+01
2.662153063344764803e+01
2.616525834116572469e+01
2.354289994738086378e+01
2.638349130825931965e+01
2.496162172964761439e+01
2.440220942595716025e+01
2.402342223542223465e+01
2.594482031186073456e+01
2.539989552143550711e+01
2.412585367973160899e+01
2.418890221166904908e+01
2.461247689638640068e+01
2.448749395435961773e+01
2.552778031215262544e+01
2.537873699308380893e+01
2.436435009713952482e+01
2.334249057522507798e+01
2.366600073315024133e+01
2.587005550883045046e+01
2.400518952645903070e+01
2.511113519887059553e+01
2.323684246619790272e+01
2.539705983566300418e+01
2.691952640557101972e+01
2.367193276899791599e+01
2.554969726911472350e+01
2.527246193311460942e+01
2.591788394615414148e+01
2.486875968066433629e+01
2.527282494206526309e+01
2.518197412814947000e+01
2.557284281897075928e+01
2.416088729497635512e+01
2.519244876138449385e+01
2.581032559748452471e+01
2.616799059142461203e+01
2.549572891552367437e+01
2.386804346603871707e+01
2.344642182447993051e+01
2.540862556084060841e+01
2.398835624682709167e+01
2.584433460608587652e+01
2.471221563643888075e+01
2.601161594339298233e+01
2.712581662460878817e+01
2.493767732480846178e+01
2.488399961353102441e+01
2.601349294920277799e+01
2.606390502778969065e+01
2.670160816811274529e+01
2.519656961931616834e+01
2.436713304165767369e+01
2.500771365725419315e+01
2.437637080688023516e+01
2.523980970342870833e+01
2.413176031213302863e+01
2.590200645631827214e+01
2.569749015458793906e+01
2.513903330391766744e+01
2.502557654675593923e+01
2.480355708181887309e+01
2.631225520352163372e+01
2.618741748268961445e+01
2.514571685457777761e+01
2.414335012289400595e+01
2.382315168081038692e+01
2.528762071303773595e+01
2.436193806258360439e+01
2.547593387237612106e+01
2.461330446263023930e+01
2.577375435923860891e+01
2.520741524447887016e+01
2.599805306195175447e+01
2.276609474770570785e+01
2.477294975417513356e+01
2.721678813326683510e+01
2.249683898826306105e+01
2.584265221728516337e+01
2.541800374076894187e+01
2.628570105434923576e+01
2.482640820447437235e+01
2.619035443905287863e+01
2.621690580413877925e+01
2.519678009270144514e+01
2.383598812163051761e+01
2.591300453408188176e+01
2.402656300471483064e+01
2.486262342943558679e+01
2.594690824416252539e+01
2.609206770649069895e+01
2.465204102679502540e+01
2.562698293637377844e+01
2.345746338611452941e+01
2.452761909873058954e+01
2.646891889592377822e+01
2.634338804784610844e+01
2.566921383641578913e+01
2.485816551419146236e+01
2.584726031664617807e+01
2.497677180796221208e+01
2.516822860749339696e+01
2.508838290840611052e+01
2.422447969393819989e+01
2.572592481131937703e+01
2.393005273942489097e+01
2.577584485418976001e+01
2.403939752942807928e+01
2.427792428410251446e+01
2.215915264419672326e+01
2.484391654825830287e+01
2.518918897492935827e+01
2.582707250805346533e+01
2.631087600969867779e+01
2.350978657217056877e+01
2.598482748707989742e+01
2.453596574639984240e+01
2.492793990179236729e+01
2.489473164442757636e+01
2.455048532918030446e+01
2.411008894311706641e+01
2.527921671521398750e+01
2.581114504465615056e+01
2.374022828724000789e+01
2.498054124362667849e+01
2.437098774531329681e+01
2.609592177781858524e+01
2.549357954694468020e+01
2.650870511442535715e+01
2.345123499855086635e+01
2.603419660036115957e+01
2.516266541048857164e+01
2.427482655020473246e+01
2.548920349355870485e+01
2.656603327282752502e+01
2.660461412467291709e+01
2.582221820425660397e+01
2.400839531417912198e+01
2.530986345342253330e+01
2.534242257607998638e+01
2.624201662264362866e+01
2.483512482098012342e+01
2.501557178301587925e+01
2.434649130706890929e+01
2.566808732063704923e+01
2.478458951084614981e+01
2.518597858875558870e+01
2.453044998711610702e+01
2.504723961373241892e+01
2.391958699502300689e+01
2.516088916682544863e+01
2.439742477577235036e+01
2.569932855442824149e+01
2.684745341850452860e+01
2.584570124212147491e+01
2.388007748616638537e+01
2.464070328410149813e+01
2.339030491588253469e+01
2.501357006189197563e+01
4.500000000000000000e+01
5.000000000000000000e+01
