# EUR/AUD Exchange Rates
# see euraud-20200101-20200630-dates.txt for the corresponding dates
# Source: Statistical Data Warehouse of the European Central Bank System
# https://www.ecb.europa.eu/stats/policy_and_exchange_rates/
# (provided free of charge)
1.6006
1.6031
1.6119
1.6251
1.6195
1.6193
1.6132
1.6117
1.611
1.6188
1.6115
1.6122
1.6154
1.6177
1.6184
1.6149
1.6127
1.6291
1.629
1.6299
1.6412
1.6494
1.6521
1.6439
1.6299
1.6282
1.6417
1.6373
1.626
1.6175
1.6138
1.6151
1.6129
1.6195
1.6142
1.6294
1.6363
1.6384
1.6442
1.6565
1.6672
1.6875
1.6998
1.6911
1.6794
1.6917
1.7103
1.733
1.7377
1.7389
1.7674
1.7684
1.8198
1.8287
1.8568
1.8635
1.8226
1.8586
1.8315
1.7993
1.8162
1.8209
1.8021
1.7967
1.8053
1.797
1.8004
1.779
1.7578
1.7596
1.7444
1.7139
1.7299
1.7266
1.7088
1.7085
1.7266
1.7199
1.6918
1.6943
1.6795
1.6734
1.6655
1.6598
1.7022
1.6825
1.7046
1.6704
1.6613
1.6709
1.6625
1.6687
1.6805
1.6805
1.6736
1.6751
1.6653
1.671
1.6694
1.6678
1.6539
1.6565
1.6624
1.6681
1.6488
1.631
1.628
1.6276
1.6227
1.6156
1.6267
1.622
1.6421
1.6447
1.6476
1.6324
1.6292
1.6356
1.6261
1.6292
1.6272
1.6342
1.6321
1.6313
1.6406
1.6344
