# Weight of females >= 18 years old [kg]
# Data point ordering is the same as in the *height* dataset.
#
# The US Centers for Disease Control and Prevention
# National Health and Nutrition Examination Survey
# Based on 2017-March 2020 Data on Body Measures (P_BMX) and
# Demographic Variables and Sample Weights (P_DEMO)
# Published: May 2021
# License: public domain as per https://www.cdc.gov/other/agencymaterials.html
97.1
91.1
72.6
73
81.4
61.7
55.4
62
66.2
75.9
77.2
91.6
83.5
62.8
64.2
56.8
63.4
62.5
59.8
107.2
97.8
92.1
138.7
53.6
100.8
46
85.4
60
67.2
83.2
91.7
106.1
81.3
84.3
52.3
126.2
77.6
64
54.1
67.2
81.7
114.6
61.3
63.7
66.9
54.3
85.6
52.6
67.9
135.8
62.6
76.1
90.6
104.3
77.4
71.8
79.1
94.1
124.6
58.5
75
105
52.9
78.9
69.5
55.9
73.2
95.5
88.4
110.9
100.1
77.7
108
93.6
51.2
76
111.3
113.2
71.5
92.4
56.9
81.6
71.2
68.4
92.2
63.5
70.9
76.5
55.4
53.4
80.8
81.6
51.3
112.9
93.7
53.3
84
89.2
115.8
69.3
84.1
81.6
73.9
80.7
96.6
105.2
70.2
104.1
116.9
59.8
63
91.1
51.7
59.5
59.7
85.7
75
87.3
67.3
76.1
77.6
79.4
57.5
73.1
157.4
103.6
59.9
84.1
78
82.6
52.1
65.7
68.2
58.9
70.4
64.9
111.6
62.2
112.7
79.7
62.7
133
131.4
60.7
59.7
60
95.9
47.2
51.1
88.7
70.9
68.6
114.5
102.7
103.1
72.2
51.4
84.9
65.1
93
70
66.5
112.3
87
107.7
105.7
63.2
73.2
74
70.3
71.1
84.5
104.5
94.2
46.9
99.5
136.9
101.9
63.9
57.2
43
65.3
82.1
92.3
62.9
69.1
54.5
57.6
83.5
64.1
59.4
46.5
97.5
81.5
66.9
69.3
72.7
70.7
58.6
55.4
68.7
57
58
92.8
48.8
60.9
62.2
93.7
71.9
87.6
75.7
51.4
49.4
45.4
79.7
65.1
53
62.9
109
146.4
85.4
54.7
116.6
82.6
83.7
71.9
74.2
58.8
114
83.5
55.8
61.5
70.4
44.8
93.7
53.8
79.4
71.1
71.2
86.9
98.8
71.7
120
84.2
82.7
71.9
71
77.3
83.1
83.3
91.6
102.3
75.1
57.9
65.5
85.9
64.9
134.3
62.4
78.6
74.8
124.9
73.3
66.8
101.2
83.8
66.3
111.8
63.2
68.4
58.9
71.5
55.8
91.9
93.8
115.7
54.7
87
59.8
62.1
83
78.3
94.3
55.4
32.6
47.9
52.8
149.1
87.7
59.4
116.6
74
89
83.6
134.1
65.8
84.5
93.5
98.2
69.4
116.9
58.6
63.1
123.3
69
120.8
56.3
64.1
76.8
130.3
80
77.1
77.3
129
84.8
101.7
88.4
74.9
71.3
90.8
92.3
83.4
60.3
59.9
90.8
78.4
45.9
103.3
72.8
67
72.1
69.6
46.1
90.6
90.9
73.7
86.1
48.5
92.7
102.5
171.4
86.3
62.5
91.9
60.1
79.3
61.8
89.9
102
57.7
60.7
64.3
102.4
73.9
122.8
99
89
156.9
68.9
48
83.6
76
66.5
99.5
38.5
59.5
73.8
96.3
76.5
100.8
80.9
104.1
44.5
101.3
77.4
90.1
70.2
61.9
104.5
88.8
68.4
53.4
67.3
111.8
148.4
85.1
119.3
73.1
78.1
88.2
70.1
73.5
68.9
42.3
79.2
106.3
81
54.9
57.2
57.4
60.2
53.4
45.9
61.4
64.9
64.1
68.4
57.2
65.5
104.4
79.2
84.3
54.5
70.8
47.7
54.3
75
65.8
100
65.4
78.3
56.8
46.2
98
103.8
73.3
59.5
56.4
61.8
80.2
69.3
84.8
67.6
79.9
73.2
84.5
60.9
93.5
49.3
57.1
56.4
74
59.8
75.2
48.4
92.6
73.3
71.5
71.8
85
45.9
116.3
95.4
66.8
65.8
75.6
57.3
54.5
79.4
76.2
48.7
91
80.6
61.3
52.3
59.7
59
55.9
118.5
69.2
70.2
67.4
72.3
94.5
85.2
79.7
116.9
59.9
85
56.6
55.1
52.6
63.9
83.7
76.1
63.6
122.6
97.5
60.4
116.1
58.2
75.2
124.8
57.3
56.8
45.4
96.4
99.1
62.8
112.7
68.5
94.7
72.5
67.8
51.7
84.6
52.7
112.8
66.2
61
86.7
152.6
59.9
122.2
57.7
50.1
74.8
90.2
204.4
79.1
74.1
131.7
95.4
86
100.3
67.1
52.9
75.8
48.9
68.2
56.8
69.2
71.5
69.3
70.1
87.2
47.6
68.1
65.6
69.2
125.1
67.7
80.7
64.3
60.3
136.7
94.5
73.7
63.5
103.1
61.6
80.2
46.5
78.1
75.6
72.1
66.7
109.2
51.6
81.8
75.2
81.4
62.6
45.8
90.9
74.5
98.2
76.9
131.5
81.5
135
68.8
94.2
91.4
93.3
106.8
62.8
65.8
54.2
60.1
73.3
86.3
50.7
82.7
47.4
79.9
98.2
77.4
100.1
74.5
61.6
95.4
77.7
59.1
52.1
99.3
97.7
106.2
55.5
66.2
103.7
78.6
38.6
61.1
127.1
89.8
53.4
115.1
135.4
63.9
62.9
42.3
112.8
85.4
81.3
88.7
104.6
74.9
80.3
131
81.9
50.7
97.8
73.3
71.4
102.3
82.7
96.4
97.9
71.4
59.3
51.2
47.8
74
67.7
97.7
131.6
91.8
93.2
88.9
79.7
78.2
69.4
66.5
69.3
93.8
126.3
59.6
92.8
82.4
67.7
94.2
131.8
56.1
95
69
103.1
39.6
43.6
127.1
48.9
54
50.7
61.9
61.4
83.6
74.7
52.3
61.6
91.2
111
111.6
70.6
79
59.7
77.9
79
49.8
72
93.7
52.9
67.3
50.5
122.5
52.9
65.3
51.4
92.7
59.7
70.4
93.3
52.8
84.7
70.1
53.5
69.1
95.6
65
89.9
112.5
153.7
116.5
72.9
46.3
82
89.1
63.9
79.2
121.1
69.7
98
69.9
97.6
60.6
85.2
80.3
39.4
72.8
74.8
119.8
100.8
52.3
69.5
51.8
54.8
56.1
88.5
117.9
87.2
75.6
55.9
39.8
85.1
96.4
91.9
76.1
74.8
83.1
119.1
57.9
60.5
78.7
88
73.3
64.3
58.8
51.7
66.8
73.7
78.7
86.7
66.5
101
124.9
155.9
79.7
91.1
68.7
70.9
60.2
126.3
79.3
59.1
91.4
70.9
82.7
81.8
55.3
83
78.6
47.7
119.2
170
51.9
108
99.1
143.8
57.5
78.6
94.3
85.1
71.1
109.3
84.9
93
83.6
53.3
96.7
94.9
70.3
58.1
106.2
106.2
75.3
102
65.1
56.6
84.7
70.9
63
61.8
74
61.6
141.9
78.7
90.5
46.7
61.3
89.8
125.8
59.3
56.8
77.7
64.6
90.5
80.6
75.2
122
125.9
59
65.1
70.2
104.9
139.9
79.1
53.5
65.7
47.2
82.8
76.2
88.1
83.7
112.2
81.9
50.8
64.7
129.1
79.8
58.5
115
105.2
120.1
82.7
48.9
64.3
83.9
51.9
70
90.8
78
96.4
74
63.1
89.2
94
74.8
57.9
77.3
91.2
75.1
103.6
64.2
72.4
109
167.9
85.8
57.6
91.2
75.8
90.1
82
76.2
95.4
66.5
115.9
91.9
132.9
56.1
71.6
50.1
63.3
95.4
89.2
104.6
60.1
127
60.6
77.1
55.5
113.4
128.9
77.9
45
60.2
50.1
48.1
88.3
72.1
93.6
53.5
101.8
107.5
119.8
62.8
51.5
68.8
118
74
73.3
46.3
86.3
62.7
94.3
75.4
87.8
69
62.7
50.3
71.1
66.3
122
66.8
55.7
68.2
62
100.2
99.3
99
77.1
66.7
55.7
65.1
96.2
49
55.1
90
67.3
69.7
91.9
90.6
128.8
116.9
84.7
75.6
86.6
120
87.6
82.1
61.1
71
64.8
76.2
68
130.3
72
78.6
53.2
51.3
48.1
94.6
59.4
97.6
62.6
67.6
91.5
70.7
95.1
114.1
92.1
74.6
94.2
80.1
77.4
123
66.9
60.9
70.9
104.5
78.2
55.8
57.1
52.3
75
74.6
136.6
59.7
67
51
53.2
80.2
77.2
47.5
150.6
110.2
87.6
67.5
67.3
70
72.5
105.1
98.9
58.7
79.2
63.4
73.3
79.5
36.7
62.5
52.7
49.1
90.8
101
122.9
46.7
106.3
49.8
53.8
47.5
82.1
68.6
83.4
45.4
70.8
57.6
115.2
86.7
95.6
104.8
51.6
112.1
80.6
65.6
95.9
57.7
120.1
105.6
77.7
74.2
68.4
51.6
117.1
118.8
75.4
127.7
76
64.6
89.8
76.3
88.5
46.6
95.2
79.8
85.5
79.5
69.3
51.5
49.5
131
45.7
111.9
151.7
129.2
53.7
85.5
101
92.5
50.3
76.6
86.2
85.2
81
79.3
56.6
58.4
111.3
92
60.4
84.4
69.9
109.4
109.7
125.1
56.6
71.6
50.6
78.2
80.2
79.3
133.8
96.1
93.1
60.7
92.1
89.5
59.3
74.1
70.1
69
88.3
76.6
63.8
59.5
79.7
68.2
79.4
79.7
99.5
72.7
127
62.3
67
100.3
94.1
70.3
84.2
69.2
124.6
78.7
81.6
45.7
39.3
54.7
65.4
78.4
66.3
72.6
74.5
70.1
65
71.3
70.2
84
110.8
94.7
74.5
51.7
90.4
69.9
89.7
53.5
67.6
54.8
49.3
68.8
94.3
90.5
66.7
71.1
115.7
79.9
93.9
73.2
83.4
100.4
101.2
47.3
84.8
59.9
107.3
70.1
153.1
45.7
75.3
90.8
60.3
71.2
87.8
102.5
52
86.4
59.1
85
67.1
52.6
95.6
132.7
59.6
58.2
82
97.2
97.1
122.1
171.4
69.2
68.9
66.6
78.9
52.4
71.1
77.9
180.9
86.2
65.6
81.5
80.8
106.8
60.8
82.4
77
86.4
55.8
106.4
66.7
98.8
70
70.4
88.7
123.5
53.9
73.1
69.4
57.6
77.3
56.9
60.8
60.3
56.4
80.7
95.2
56.8
75
119.1
69.7
63.6
106.9
68.7
131.6
81.1
56.9
83.9
87.5
48.5
98
51.3
58.8
70.8
44.4
104.7
50.2
49.2
75.2
93
83.5
70.2
53.7
63.1
76.2
121.2
85.8
70.2
63.6
70.6
70.5
89.2
57.7
66.2
71
79.1
55
61.5
97.4
88.4
94.6
102.8
66
53.1
51.5
39.7
126.4
96.3
60.1
75.1
75.3
57.1
57.8
85.6
84.9
70.9
71
93.9
97.2
85.3
53.9
68.3
68.2
81.8
57.7
62.7
57.5
60.2
55.4
63.6
77.8
66.9
80.2
56.9
79.5
74.5
71.2
104.9
74.8
42.7
81.1
60
73.6
113.5
59.5
78.5
66.3
105.1
87.4
107.1
59
84.9
108.7
60
61.5
94.5
91
86.3
62.6
87.3
71.4
66.9
59.1
63.9
76.3
130.9
55.9
67.1
45.6
82.5
97.5
57.5
145.6
74.8
88.5
73.4
91.7
90.9
58.7
92.6
67
71.7
61.1
50.6
123.6
61
78.9
61.3
70.1
160.1
75.4
82.3
89.6
110.7
77.9
57.1
113.1
63.7
49.1
76.4
61.1
53
61.2
93.6
71.2
86.4
70.6
72.5
94.5
74.1
81.3
109
112.4
66.8
76.8
109
99
100.5
78.5
109.9
70.3
70.5
87
98.5
69.9
63.9
107.9
78.5
77.8
53.8
59.5
78.2
66.9
74.9
79.2
118.2
62.7
60.3
80.3
93.6
89.5
54.3
65.7
86.2
73.5
57.7
62.2
81.1
82.6
49.1
63.3
67.4
97
56.2
70.9
74.4
67.4
99.6
101.6
53.1
72.2
50.8
38.2
63.4
75.4
80.1
57.5
71.2
57
59.2
53.4
146.2
66.7
125.6
60.8
87.4
81.7
80.9
62.6
80.8
94.6
67.2
51.3
85.7
49
71.5
94.9
69
86.6
42.9
83.5
62.7
106.1
55.4
86.8
54.7
62.6
101.8
84.1
62.5
73.4
71.8
53.8
89.3
66.5
57.1
75.8
73.5
57.7
97
54.4
70.2
53
53.3
65.8
62
48.8
145.9
65.8
80.9
109.4
62.7
59.4
55.8
70.5
79.9
73.1
56.9
60.3
53.2
111.6
53.9
74.5
107.6
66.4
71.4
63.4
83.9
47.1
59.8
101.5
66.1
96.5
59.6
76.3
89
107.9
94.4
141
41.6
68.2
83.3
99
80.7
103.5
62.3
61.5
70.3
106.7
90.5
119.9
47.5
58.1
67.2
84.7
61.3
77.4
63.9
76.6
71.4
75.2
71
59.2
105.8
55.1
48.7
83.2
56.2
108
64.6
83.2
80.6
76.6
86.9
63.8
83.5
73.7
73.8
59.7
56.4
39.9
73.1
71.8
82.3
92.4
90
78
120.1
72.3
64.1
92.8
84.6
42.6
91.4
90.2
98.2
131.1
55.7
82.3
69
74.3
130.9
84
104.5
72.3
67.4
71
121.2
95
64
92.5
59
171.1
69.1
84
80.1
60
49.3
125.7
105.1
63.6
122.1
133.8
70.3
52.4
60
55.3
69.7
58.6
116.3
176.2
70.5
47.9
52.9
74.1
61.6
51.1
95.2
85.3
61.3
126.5
51.4
69.2
103.4
79.9
61.5
78
60.3
83.2
71
71.5
121.2
85.3
68.4
86
106.6
65.4
76.1
56.9
61.6
80.8
71.1
89.4
72.5
51
73
82.4
86.2
86.6
133.5
65.9
49.2
82.1
72.8
71.5
109.2
94.1
95.5
71.7
78.5
74.5
58.9
114.4
109.8
53.4
59.3
59.3
114.6
121.7
74.2
78.8
171.9
105.4
99.1
124.3
71.2
56.5
70.8
68
75.6
61.6
81.9
84.6
65.3
83
111.1
85.6
91.3
60.1
85.7
74.7
46
57.7
119.4
144
124.8
47
92.2
56.1
45
51.6
81.5
83.1
54.8
70.9
58.1
52.3
69.8
67.7
92.5
80.6
80.4
68.9
67.8
51.3
60.3
79.7
79.4
60.2
68.1
51
70.4
54.6
70.3
66.1
104.5
45.8
75.8
97.2
62.8
62.4
87.3
64.1
76.2
90.1
101.7
60.8
85.8
88.3
97.7
56.4
122.9
104.7
99.7
85
79.5
84.8
65.4
131.9
65.7
87.5
81.8
68.2
126.6
82.2
135
81.6
89.4
57.4
54.2
73.2
75.3
131.8
81.9
75.2
93.3
73.4
120.1
91.9
55.7
53.4
84.2
79.4
47.5
68.2
46.8
77.6
82.7
71.1
125.5
73.9
77
69.5
65.1
95.4
45.7
67.8
59.1
113
70.7
56.7
112.6
80.1
69.4
63.6
67.2
66.5
49.7
84.7
84.4
59.9
89.5
61.5
66.1
52.2
59
83.1
138.9
73.1
63.2
52.8
56
64.3
79.7
62.2
69.4
85.3
56
72.6
100.2
83.3
78.2
64.1
53.7
60.5
122.7
85.6
51.9
76.6
100.4
72.1
76.5
49.6
44.7
75
82.4
60.8
56.3
96.9
76.3
67.5
77.3
51.1
73.1
106.2
70.3
53.5
59.3
76.4
83.8
80.6
54.3
81.4
48.2
61.4
51
65.8
62.8
100.3
75.3
74.8
71.7
72.9
97.7
97.7
81.1
87.8
58.3
108.8
76.1
60.1
126.5
109.8
64.7
44.8
61.7
83.1
61.4
75.6
84.6
56.6
73.5
100.3
92.5
156.3
65.3
83.9
91.4
56.9
103.6
55.3
75.7
86.8
61.5
65.9
154.6
70.5
83.5
54.7
64.7
64.9
65.5
107.1
113.5
75.2
71.4
75.1
57.5
54.9
47.5
70.3
78.1
78.5
96
99.7
135.1
71
75.3
102.8
71.4
86.9
70.6
99.7
121.4
106.3
75.5
58.5
51.2
66.3
61.9
85.4
83.5
66.2
101.9
140.1
99.6
71.5
86
57.2
75
80.4
90.2
93.3
100.5
78.6
161.4
97.9
55.3
106.6
81.8
88.6
67.9
84.7
69.9
55.3
104.9
64.4
76.4
107.1
75.6
49.6
86.5
89.4
68.3
65
83.4
93.4
76.3
50.5
107.2
62.3
95.7
74.3
47.6
62.5
89.4
75.6
101.8
85.1
58
77.8
82.5
98
49.2
74.7
85
68.2
105.1
65.2
50.4
125.3
71.9
92.4
64.9
86.4
64.5
100.2
59.6
75.4
65.2
62.3
62.7
110.3
71.2
43.1
67.1
159.9
96
127.9
91.5
98.2
60.2
88.6
60.5
52.5
91.4
75.8
99.2
111.6
112.9
104.6
79.8
61.6
78.1
68.3
85.1
97.1
77
99.8
79.7
79.6
118.3
44.6
110.2
96.3
111.9
56.5
108.7
94.9
83.6
63.1
52.6
50.9
51.1
58.1
54.5
70.2
85.7
155.4
73
56.3
43.1
80.3
127.6
77.6
112
53.8
59.8
80.1
95.7
130.8
52.8
54.7
65.6
42.3
83.2
69.6
127.4
105.9
124.9
75.2
46.7
54
59.8
71.1
108.9
85.3
75.8
75.2
82.4
81.6
109.2
46.1
70.3
65.6
59.1
75.5
77.5
50.2
65.2
75
72.6
67.5
103.9
81.5
51.1
64.9
100.9
51.4
60.3
163.2
96.1
94.7
58.9
57.2
109.5
53.9
55.7
102.5
51.3
115.7
56.3
84
59.4
66.3
49
65
91.7
58
72.5
84.6
82.2
66
79.2
54.8
42.4
109.3
75.2
70
70.2
73.6
73.1
68.7
65.4
62.4
67.4
68.1
52.2
65.8
59.5
61.4
82.4
67.2
104.1
64.2
53.2
83.9
61
87.2
80.4
161.1
201
39.1
72
105.4
63.1
66.9
119.5
74
104.9
86.6
60.4
94.1
84.4
81.6
61.5
44.6
65.8
108.3
72.4
57.4
81
49
50.8
62
68.5
105.9
60.6
80.2
114.3
93.3
84.6
45.6
63.2
81.8
70.1
89.1
88.2
52.9
115.1
63.5
162.1
84.8
74.7
58.7
83.7
70.6
47.4
52.7
76.6
66.6
78.9
121.2
37.5
62.1
52.7
90.9
50.5
105.9
110.4
49.6
84.7
79.2
56.6
60.3
62.1
51.2
157.7
110.1
125.8
49.7
80.7
70.4
112.2
68.1
79.5
78.7
52.3
58.2
58.2
77.1
115.8
83.3
96
77.4
67
75.3
67.9
71.7
71.5
86.4
75.7
103.6
50.3
122.7
47.2
127.8
75.3
111.7
99.7
135.8
96.2
54.1
67
83.3
78.9
56.3
65.1
57.9
96.8
63.6
96.6
105.6
100.8
71.6
144.7
90.4
71.1
72.5
84.5
52.6
97.2
80.6
60.8
81.1
68.6
45.8
59.2
75.9
74.4
53
86.6
57.6
43.6
62.4
146.6
112.4
65.8
78.9
44.3
56.7
80.3
69.6
57.4
75.6
107.5
158.2
46
91.9
88.8
69.3
67.2
72.7
85.6
59.6
87.9
117
66.5
69.8
59.7
48.2
68.9
76.5
52.4
81.6
111.1
71.1
76.1
96.1
77.7
70.7
106.3
63
89.9
59.7
61.7
76.6
103.7
89
98.3
54.4
50.7
49
56.4
66.6
71.8
67.4
131.9
68.9
97.4
72.5
107.7
66.4
106
116.6
57.7
55.9
61.4
88.9
57.1
59.9
86.4
64.1
61.4
72.6
94.8
85.1
82.8
96
71.6
73.1
69.3
47.2
130
63.1
115.9
44
47.6
79.1
83.4
61.8
122.4
63.2
56.2
149
92
73.6
93.3
79.3
68.6
68.8
50.8
88.3
128.1
77.3
70.9
103.9
70.5
74
83.9
49.1
59.3
96.1
64.5
60.3
55
101.5
67
76.4
67.3
74.9
81.6
99.1
74.3
46.4
63.2
76.8
65
80.7
74.6
77.9
61.6
68.7
90.6
79.2
76.5
124.9
90.1
62.7
72.4
62.8
81.2
75.1
79.3
85.5
77.4
72.5
42.3
57.1
78.6
72.9
67.4
121.3
53.8
113
84.2
72.1
49.9
69.7
57.7
116.7
60.2
74.2
168.9
54.6
58.7
71.6
98.6
70.9
85.2
125.6
87.3
68.3
106.2
89.1
54.6
69.2
54.4
93
84.7
57.8
86.2
57.4
87.7
97.3
66.9
71
59.3
69.4
68.1
62.8
59.2
65.2
93.1
66.9
69.9
62.4
53.8
69.2
54.2
84.6
60.8
53.8
61
73.3
86.9
71.8
89.1
60
98.1
49
77.3
50.2
148.2
57.2
87.9
59.4
62.4
71.8
47.8
57.9
40.9
70.1
93.8
73.5
79.3
63.5
48.2
71.5
72.7
51.3
97.6
69.6
70.1
95.3
57.1
72.3
79.8
98.2
61.5
84.5
56.4
62.1
88.5
52.7
58.1
98.6
74.5
47.7
106.8
107.6
68.6
50.6
57.3
103.9
107.3
65.7
75.9
78.7
70.5
77.5
42.2
73.4
54.1
53.8
82.1
85.5
62.9
135.9
67.1
63.5
56.2
75.8
49.6
71
65.7
62.3
62.1
72.1
82.7
73.6
71.5
82.2
136.5
118.5
96.2
112.1
70.8
67.5
48.5
154.6
85.2
52.3
78.7
103.2
82.2
72.3
55.9
86
49.9
87.2
84.1
123.4
105.5
91.5
70.7
76
109.9
66.1
59.2
97.8
91.8
101.1
63.5
67.5
87.7
50.2
63.1
110.6
69
84.6
100
48
76.2
73.7
54
80.1
50.1
66.7
84.6
67.8
75.8
60.5
112.1
71.5
94.8
96.7
76.3
68
79.8
86.1
102.4
53.2
83.3
76.3
81.7
90.6
70.5
63.1
131.3
81.8
94.3
96.1
81.1
90.6
70.1
77.2
89.1
77.9
67.6
67.6
77.4
80.2
63.7
57.1
121.1
42.3
64.5
101.4
65.1
72.5
68.3
104.7
77.6
70.2
60.5
64
100.8
137.2
100.2
54.6
80.7
81.3
56.8
66.3
78.3
65.2
50.4
45.2
105.6
69.7
76.7
81.5
103.9
77.5
63.6
124.7
113.6
68.9
64.3
63
64.9
105.5
99.8
58.1
132.3
53.7
78.7
82.9
66.2
75.1
66.4
91.1
69.9
74.6
64
74.1
66.2
77.4
49.2
62.3
66.2
69.2
49.4
78
62.3
84.9
79.1
68
97.7
59.6
76.1
74.4
76.9
65.3
185
99.4
112.6
77.4
102.9
62.8
89.6
53.6
77.2
116.5
75.6
100.8
76.2
100.7
58.7
91
44.8
64.5
79.1
85.1
77.6
104
89.4
65.2
67.3
88.4
66.7
51.3
61.9
74.5
71
64.5
65.2
79.6
76.5
64.8
97.7
107.2
125.5
64.1
66.9
73.6
86.1
100.4
60.8
65.3
86.4
95.2
104.3
73.3
67.6
73.7
77.5
74.7
71
126.1
61.4
120.2
70.2
88.2
50.4
78.1
76.8
57.3
81.5
57.7
50.7
57.7
71.6
47.9
110.2
53.2
68.8
91.7
99.5
63.4
87
57.7
61.1
62.1
64.1
85.3
71.6
47.2
51.5
46.5
50.6
50.6
65.3
59.4
95.3
90.5
61.5
53.6
63.3
89.1
50.4
80.7
135.2
63.6
63.3
76.6
77
122.3
70.8
71.3
91.7
52.3
82.7
54
43.4
67.7
56.8
66.5
65.7
104.8
75.9
68
104.2
67.1
68.8
80
63.1
68.2
76.9
51.5
129.3
57.8
99.4
83.3
124.2
73.8
46.9
65.7
97.5
48
86.8
65.1
60.3
73.3
72.1
83.5
69.2
71.4
48.8
55.1
54.8
61.5
76.9
93.4
57.2
93
86.9
81
85.7
48.1
54.6
77.3
61.4
57.9
79.8
90.8
77.6
89.7
99.5
65.9
101.5
67.8
57
104.4
52.3
67.4
82
51.9
62.6
78.2
58.3
83.9
101.3
106.2
84.7
79.8
62.4
56.9
70.5
89.9
53.2
66.4
67.6
49.5
134.5
88
69.1
158.7
123.2
110.2
54.6
81.3
60.8
105.9
66.7
64.2
60.9
55.9
52.8
82
76.4
81.7
48.9
63.6
138.6
77.3
60.1
71.4
115.4
60.7
59.3
69.5
118.4
82
100.6
103.3
73.1
68.2
74.4
74.2
87.6
44.6
68.8
48.7
107.7
46.4
92.9
95.2
108.1
52.5
68.2
67.6
93.4
63.9
84.9
66.7
70.4
54.7
53.8
55.8
52.2
64.9
67.1
101.1
37.7
59.6
66
61.1
82.7
64.9
96.3
82.2
51.5
52.5
116.9
75.5
61.9
67.4
88.6
62.1
156.3
102.6
110.6
57.9
88
60.2
105.7
64.9
88.6
68.8
125
53.8
52.5
104.9
79.9
55.8
83.5
84.7
125.3
52.4
51
103.1
145.2
67.9
74.2
107.9
84.1
80.4
68.6
101.7
70.4
78.2
78.8
104.4
90.5
101
83.4
64.1
45.6
103.8
84.5
79.2
59.8
83.1
92.6
76.4
68.5
66.6
58.5
91.5
64.7
98.1
54.5
64.6
75.8
57.5
71.3
79.7
83.7
71.9
87.7
70.5
84.4
147.6
58.2
49.5
50.9
74
82.4
93.8
52.6
89.7
61.5
95.5
79.8
48.6
117.2
95.3
125.5
65.6
54.7
81.3
101.3
67.9
71
69.3
54.7
99.7
74.6
74.9
51.5
55.7
64.6
65.9
78.3
76.1
67.8
53.5
62.5
128.1
57.2
53.5
69.8
50.7
146.7
99.6
98.9
79.9
47.1
71.2
94.6
92.6
84.5
56.7
55.7
59.3
97.5
82.6
92.4
79.6
50.9
72.7
53.1
61.8
49.2
210.8
57.6
87.1
140.3
68.8
111.1
73.8
58.6
36.2
111.1
49.8
86.7
48.9
62.4
58.4
76.3
104.8
83.8
112.4
72.8
114.5
68.1
60.4
86.8
71.8
40.4
95.9
70.8
62.4
55
72.9
69.4
79.3
79.4
55.7
70.8
118.4
78.6
72.9
62.1
105
54.7
63.4
85.8
56.6
119.4
73.5
85.1
58.5
67.8
103.3
46
85.4
55.9
84.8
49.8
87.5
57.4
72
83.1
64.8
39.8
59.5
105.4
55.8
59.3
58
99
57
82
71.5
70.1
68.7
84.7
100.5
69
58.7
45.7
89.3
70.6
83.5
110.7
89.9
68.2
91.7
159.7
70.3
98.3
56.5
178.9
56.4
66.7
61.2
63.8
100.3
67.5
94.1
74.9
76.5
100
75.5
88.5
78.6
59.1
112.8
72.8
67.3
78.2
76
76.5
64.5
97.2
76.7
61.2
112.6
72.1
63.4
47.1
42.4
74.5
70.8
53.4
85.8
68.2
68.6
59
78.2
127.1
72.6
95.4
83.2
65.6
99.3
112.8
77
57.6
134.1
72.1
173.4
93.2
79.8
110.5
125.5
68.5
52
58.7
64.7
72.3
106.9
68.6
69.5
80
198.3
65.4
111.7
68.7
89.8
74.9
61.5
69.3
53.8
75.9
88.8
85.7
70.6
108.3
60.7
54.6
79.1
74.1
78.3
71.1
65.5
85.2
72.9
50.3
54.3
92.3
68.3
90
58.4
61.7
44
53.6
56.4
69.3
106.8
97.3
70.9
44.4
64.6
125.7
49.1
70
44.6
112.8
86.2
75.1
75.9
46.5
41.2
57.4
72.7
75.5
62.9
63.7
55.7
50.8
107.5
83.5
107.7
111.8
114.7
66.4
73.8
80.3
86.5
100.2
96.9
72.4
142.5
219.6
90.6
95
76
85.5
81.9
58.2
83.8
53.2
140.5
75.8
112.6
69.9
65.7
57.9
60.1
77.1
112.9
84.7
56.9
120.9
70.3
94.2
46.9
70.1
55.3
88.7
64
87.4
57.5
71.1
68.4
51.6
59.3
58.7
57.5
71.9
79.9
76.4
71.9
132.2
69.5
69
50
81.8
63.7
50.3
66.7
95.9
56.6
123.4
101
54.5
50.8
91.9
98.7
63.5
93.5
66.5
75.8
82.8
77.6
92.8
76.5
109
47.2
70.8
101
110.1
76.3
51.8
70.1
71.9
71.7
106.7
84.9
40.4
62.3
59.3
73.2
106.9
71.1
83.8
73.6
73.7
64.4
60.7
83
57.9
61.5
107.1
65.7
55.4
95.3
84.1
95.5
66.7
99.6
69.2
77.4
87.5
52.4
67.3
96.1
93.7
102.7
65.7
80
78.2
89.6
136.8
68
113.6
80.1
90.6
56.3
73.6
105.8
59.5
66.4
59.7
62.5
50.2
66.2
43.9
49.6
61.8
148.6
76.1
56.1
89.9
51.2
71.4
76
97.9
86.7
58.5
100.3
64.2
123.3
90.9
82.1
65.1
64.1
75.8
83.8
95.5
113.6
120.2
87
91.1
73.7
123.5
81.3
84.7
69.4
67.4
91.5
75.1
56
74.8
71.7
49
83.6
65.9
99.5
83.4
73.2
85.4
85.1
115.8
84.6
76.7
49.8
108.5
84.9
56
156
101.3
79.9
63.1
96.1
103.2
56.4
85.2
56.7
80.3
106.3
82.5
41.8
80.3
54.1
59.9
87.8
57.5
92
79.6
92
61
61.5
43.5
72.8
65.8
84
73.3
59.8
71.4
57
46.4
70.2
53.7
64.6
69.6
86.7
81.1
57.5
67
50.9
119
50.3
58.9
55.5
54.4
75.9
67
73.3
113.4
74.6
76.3
89.5
62.8
67.8
94.3
55
81.2
104.5
58.8
75.1
47.7
72.5
77.2
91.3
72.2
68.1
66.1
128.7
85.9
46.4
68.8
59.9
60.5
87.1
56.2
62.7
134.9
62
79.1
69
95
72.1
93.9
82.7
103.6
71.7
66.4
74.4
65.7
98.8
89.9
59.4
135.8
54.3
50.6
98.8
104.8
48.1
73.9
85.4
75.2
63.9
92.1
55
80.1
111.7
95.6
128.5
61.1
51.1
73.7
73.2
91.6
66.8
75.5
44.2
132.9
80.5
59
60.8
45.9
80.1
60.6
131.7
65.1
123.1
119
89
57.8
75.8
65.7
69.4
77
77.5
66.9
110.4
83.6
105.7
83.1
127.1
102.2
84.6
70.7
50.2
57.1
66
118
61.4
81.3
60.8
66.4
83.3
52.4
61.9
64.3
115.5
59.4
73.4
43
44.3
79.3
86.6
115.7
114.4
81.6
62.8
88.5
67.7
86.3
82.6
59.6
63.3
62.8
75
54
58.5
58.3
79.1
111.4
70.1
59.2
67
124.9
91.3
46.6
67.9
58.7
91.6
134.5
73.5
67.9
44.3
64.6
81.9
84.3
115.2
87
83.4
69.3
66
62.6
73.8
60.6
57.1
82.8
48.7
52.5
49.8
67.6
103.2
65
135.6
67.9
65.1
96
96.3
60.6
66.5
71.7
59.7
70.5
60.6
69
69.3
57.1
120.6
51.4
254.3
81.8
45.4
55.1
65.9
84.3
58.9
89
36.9
83
58
58.5
82.8
72.1
97.1
65.8
115.2
43.2
74.8
70.9
53.1
83.5
64.4
49.5
76.4
84.2
101.1
74.9
68.3
63.5
89
90
47.5
52.5
198.7
77.7
66.6
92.5
76.4
72.6
51.7
109.4
65.8
57.9
88.4
98.2
179.2
93.9
71.5
101.1
63.8
167.5
59.5
119.4
47.6
59.6
87.4
69.2
57
52.2
66.6
108.1
69.7
71
57.5
50.4
66.6
58.8
64.7
90.1
96.3
57.6
74.1
61.5
83.1
57.9
79.5
74.9
191.1
68.9
54.6
64.8
80.1
50.7
63.4
84.6
82.7
56.3
43.6
76.9
86.4
58.1
56.2
101
69.6
68.8
59
68.8
59.1
57.3
79
88.8
49.5
90.2
49.4
99.3
73.8
70.1
79.5
170.8
108.4
55
74.6
84.3
52.8
106
68.1
69.8
52.4
42.5
84
75.1
75
100
83.9
62.1
125.6
68.2
78.6
122.3
52.7
54.6
93.9
122.7
94.5
71.7
58.2
67.8
75.8
86.5
57
72.6
54.5
79.3
125.5
74.8
68.2
100.7
79.1
78
84.1
82.6
130.8
72.5
47.2
84.3
68.3
66.3
96.1
54.6
72.8
59.5
102.1
82.3
84.8
60.7
71.8
63.9
80.6
63.8
76.7
76.9
96.8
52.4
119.6
61.7
79.2
55.5
58.4
72.4
72.9
84.6
122.9
63.2
73.9
84.9
96
84.9
70.6
93.4
83.1
85.6
71.1
48.2
68.1
59
75.3
52.9
55.7
59.2
61.3
132.4
53.2
50.3
55
82.2
69.5
50.5
101
68
79.6
75.5
154
47
75.8
69.8
66.2
96.4
76.1
73.9
86.4
71.2
71.1
102.7
81.7
65.8
51.4
49.1
73.2
66.2
55.6
112.4
105.7
104.9
69.5
95.5
95.5
47.1
101.3
49.7
57.2
74.6
56.2
58.5
69.3
124
105.5
51.8
53.4
74.4
60.2
61.1
57.8
113
85.2
90.5
89.1
93.3
58.5
104.6
60.6
94.1
95.1
111.1
78.1
49.6
74.5
99.1
66.1
49.2
54.8
87.8
74.7
67.9
89.6
54
74.3
120.4
223.5
69.4
70.9
95.1
46.4
66.4
49.6
47.4
123.6
87.9
62
53.1
74.2
88.2
63.6
75
86.2
64.6
94.4
63.3
74.6
50
56.3
100.5
119.1
63.7
86.2
63.2
61.4
93.8
73.7
64.5
89
93
75.4
68.7
100.1
117
72.2
58.3
72.6
84.5
62
66.2
65.2
112.2
86.8
106.2
93.4
100
74.9
130
92
146.6
91.7
63.8
58.7
65.1
78.2
90.6
80.4
53.8
51.2
90
148.9
69.2
88.9
74.6
56.5
73.1
56.5
76.8
54.2
99.1
50.3
94.3
108.4
44
81.7
132.9
81.8
80
158.8
116.6
62
60.8
70.2
82.6
71.6
50.4
70.5
71.3
138.1
62
71.6
79.2
110.6
91.8
69.8
61.2
57.9
59.7
130.3
97.5
55.5
66.6
81.2
61.7
76.3
66.4
90.5
101.9
75
157.4
75.9
74.6
95.8
50.7
70.7
76
87
106.5
68.9
99.9
50.7
58
98.9
61
73
50.5
106.1
49.6
81.5
72.9
57.1
53.7
68
53
64.9
74.5
68.9
143
115.7
81.5
92.6
59.8
62.1
82.1
58.7
62
144.6
74
75.8
66.3
83.8
90.8
78.3
137.5
75.8
77.9
77
70.3
88.2
61
77.5
60.7
48.3
105.3
69.1
91.6
57.1
74.6
97.9
80.8
51
89.6
59.2
59.1
105.4
66.1
69.6
85.7
66
123.5
90.9
88.4
68.8
132.7
62.4
90.8
71.6
106.3
62.6
76.9
78.7
69.1
75.7
82.7
67.6
83
71.7
74.4
67
81.9
68.3
83.8
77.4
72.9
58
80.8
60.6
77.2
71.6
56.3
64
67.7
55.6
121.3
49.7
69.9
86.5
77.1
80.1
45.8
129.8
85.2
81.9
74.7
62.6
84.2
57
143.6
60.7
120.7
116.4
123
86.6
63.8
87.7
71.7
70.2
71.6
102.9
55
90.4
102.9
59.1
53.8
83
84
73
79.9
55.1
82.4
89.1
84.2
73.1
55.9
87.5
49.1
83
55.6
102.4
45.3
77
72.6
87.5
61.8
96.1
91.1
63.3
50.6
61.7
51.7
80.8
55.4
80.9
117.7
69.3
99.5
54.2
81.7
83.7
55.1
74.6
72.2
44.5
97.9
56.1
121.1
88.8
64.6
70.1
88.8
67.8
75.4
58.6
91.6
53.4
105.8
92
49
57.3
73.7
69.9
79.7
98.4
85.1
69.2
73.1
49.4
78.6
55.4
79.3
61
75.9
59.2
69.1
85.7
57.4
81.1
79.3
88.5
50.8
143.5
91.3
82.6
83.3
77.6
111.4
108.8
80.8
69.4
48.8
88.3
76.4
51.7
71
60.9
74.7
72.6
47
91.9
132.4
58.4
79.4
79.5
66.7
77.8
65.6
100.5
62.5
111.8
200.9
76
72.4
92.2
70.6
69.4
71.1
78.7
69.1
97
45.8
74.8
78.7
68.7
154.4
100.8
54.9
62.9
100.6
83.1
81.6
79.5
66.4
99.1
71.8
89.8
63.8
84
119.6
56.6
64.6
80.1
162.9
55.2
103.2
56.8
65.1
119
74.7
76.9
76.4
58.7
119.6
53.3
57.2
89.5
101.9
71
67.6
83.5
50.8
81.2
83.6
76.9
93
58.5
105.2
68
92
81.7
118.2
92.4
83.3
57.1
99.3
98
84
81.1
76.4
58.8
44.6
52.1
75.8
43.2
97
65.5
72.8
92.3
87.3
111.7
58.3
67.8
58.2
61.8
49.7
56.4
111.9
72.2
84
58.6
52.2
99.6
82.8
84.3
74.8
64.4
79.3
88.2
65.1
52.6
53
54.5
88.5
109.7
98.4
57.7
109.1
57.1
67.5
119.1
81.9
81.7
55.4
56.1
59.5
56.2
104.8
67.2
76.5
89.1
48.7
105.4
98.3
86.7
67.6
112
58.7
48.9
55.6
88.1
85.8
70.8
58.9
54.9
73.4
80.7
83.9
65.1
88.2
58.3
61.3
77.1
63.8
54.3
62.7
93.7
61.3
64.1
68.5
84.6
123.2
84.1
74.3
57.1
43.5
96.6
58.4
57
78.7
66.8
116.9
73
78.6
82.8
