# Height of females >= 18 years old [cm]
# Data point ordering is the same as in the *weight* dataset.
#
# The US Centers for Disease Control and Prevention
# National Health and Nutrition Examination Survey
# Based on 2017-March 2020 Data on Body Measures (P_BMX) and
# Demographic Variables and Sample Weights (P_DEMO)
# Published: May 2021
# License: public domain as per https://www.cdc.gov/other/agencymaterials.html
160.2
152.7
158.4
161.2
161.3
157.4
154.6
144.7
166.5
154.5
159.2
174.5
158.7
146.5
163.6
162.3
163.6
154
156.1
164.6
159.4
161
158.7
165.4
157.8
146.7
163.3
154.6
157.2
157.9
160.1
166.6
154.4
163
156.1
160.5
159.1
162.6
163.8
153
149.9
163.6
154.3
151.1
148.6
165.6
162
171
160.8
163.3
150.6
170.7
180.4
164.1
161.8
152.2
162.5
156.9
164.5
149.8
164.1
164.2
151.9
155
157.3
152.6
155.6
163
164.5
168.8
154.2
156.4
160.1
158.4
161.6
161.8
168.7
161.1
167.3
161
159.4
143.9
161.8
171.1
151.4
153.5
148.9
157.6
157.8
165.6
170
157
165.1
162.1
161.9
151.1
158
173.4
162.9
156.6
165.9
153.7
157.1
153.5
158.4
160.6
163.6
167.7
153.2
152.4
160.1
157.8
165.1
164.7
167.6
167.3
156.9
161.5
158.2
161.4
159.1
154.8
143.9
153.5
163.2
162.9
156.9
165.6
160.2
153.5
158.3
150.8
161.7
164.8
147
148.2
182.1
153.9
158.7
167.2
162.1
161
166.3
165.9
150.3
161.7
158.4
154.8
162.3
160
157.8
167.7
158.9
161.3
163.5
164.2
158.8
157.8
164.7
161
165.9
159.4
164
165.7
153.5
167.4
164
151.1
169.2
165.8
150.7
167
152.5
148.4
150.9
152.6
167.8
155.2
169.1
148.8
152.7
162.6
160.8
173.8
167.5
162.3
152.2
158
164.1
163.1
164.7
156.4
157.3
157.7
166.3
157
152.9
160.7
153.9
159.7
159.2
148.7
158.2
162.1
148.6
157.8
155.8
151.6
173.8
164.4
155.5
161.5
169.3
159.2
168.3
162
166.3
171.8
163.9
165.1
169
145.8
148.1
154.1
155.3
166.9
165.4
159
168.5
149.9
155.9
156.2
155
149.9
162.3
158.4
160.2
157.7
162.5
165.6
161.7
157
166.4
146.8
159.6
162.2
160
161
149.3
159.3
161.4
159
155.5
164.9
152.6
161.6
159.8
166.3
152.2
161.8
153.1
168.4
161
167.2
162.1
171.2
157.3
171.7
172.5
164.8
168.3
164
154.2
159.3
178.5
179.7
147.9
152.5
160.9
159.1
156.1
149.1
160
149.6
151.5
155.8
159.2
155.5
159.3
163.2
177.8
167.6
166.4
165.9
170.3
161
162.7
161.9
164.9
151.4
153.4
156.7
160
158.4
171.9
168
147.3
156.5
149.2
158.4
178
166.7
156.7
169.1
153.2
165.6
166.9
149.6
161.4
164.5
166.6
168.2
167.8
170.2
164.8
166.1
154.7
151.3
153
168
164.6
178.9
146.5
165.4
163.9
159.3
168.5
173.5
173.7
165.1
166.1
164.3
154.7
164.6
152
171
156.5
170
153.4
166.2
154.2
163.2
164.1
164.5
167.1
163.9
154.5
167.3
168.3
152.5
152.4
150.7
170.8
165.3
139
158.9
172.8
160.1
160.4
161.1
161.5
167.1
149.2
161.2
156.1
146.4
156.3
163.5
169
157.8
166.9
144.4
154.4
159.6
162
162.5
169.5
158.4
152.8
156.9
155.3
161.1
171
150.6
162
163.2
157.4
145.7
160.2
145.9
145.8
168.6
140.7
156
171.1
143.8
161.4
167.8
165.9
158.8
159.9
160.7
149.3
151.7
154.6
151.1
157
164.5
169.9
160.8
154.2
152.2
154.5
148.3
164.2
148.9
155.7
151.5
149.2
146.1
159.5
166.1
157.8
158.2
149.7
155.5
153.8
165.3
165.5
171.1
150.1
163.4
158.9
160.7
160.3
162.2
156.9
164.7
152.8
147.3
153.6
183.7
158.6
170.8
161.4
156.5
152.3
154
149.4
173.8
160.4
154.6
164.9
155.6
157.5
154.4
151.3
168.3
171.6
165.7
165.9
156.2
160.7
163.7
154.5
162.3
165.2
167.5
164.1
158.1
159.7
169.1
160.1
162.7
159.6
156.9
152.3
158.2
154.9
162.5
161.4
164.5
169.7
155.2
160.3
154.7
152.3
168.3
167.2
149.7
155.7
158.2
161.1
170.7
156
174
146.6
169.5
158.2
163
153.4
189.3
143.8
164.8
161.1
154.5
163.8
172.4
165.3
153.4
158.9
157.3
160.2
161.1
158
155
160.4
179.4
160.1
161
168.6
154.1
164.1
149.1
173.6
173.6
159.7
151.6
150.9
174.1
159.7
172.5
162.3
168.2
155
162
161.8
173.3
154.5
155.8
159.1
162.9
148.1
155
159.6
157.2
159.9
153.9
158.6
154.6
162
156.2
161
153.2
162.8
159.6
147.6
158.5
162.8
157.2
155.9
159.6
155.7
146.2
170.8
159
153.5
161.1
153.1
171.4
158.5
162.7
153.7
155.3
146.5
151.5
171.1
165.3
163.5
151.1
146
166.1
153.3
152
161.6
161.2
157.8
164.4
159.5
157.4
156.7
167.8
153.9
165.9
168.3
146.3
161
166.7
165.2
164.6
161.1
164.2
162.5
156.8
165.5
156.2
164.9
162.3
169.4
171.7
160.7
158.4
162.9
157.8
152.7
168
144.2
165.3
157.9
165
171.4
163.6
152.7
155.7
155.4
153.2
163.9
168.3
160.2
164.7
155.5
164.3
155.5
163.6
150.5
159
169.1
146.7
160.3
158.3
153.3
151.8
163.5
154
165.7
154.2
164.8
155
146.8
164.5
166.3
158.8
156
156.7
161.3
156.2
159
162.2
165.7
170
174.8
165.8
169
157
156.4
149.3
161.3
150.7
164.2
156.9
163.7
156.5
158.1
160.1
154.5
155.3
150.9
157.8
153.5
163.1
162.1
163.3
164.8
154.4
163.2
162.6
157.3
156.2
155.7
159.3
165.5
163.4
147.3
154.2
170
164.7
149.8
157.9
162.2
161.1
155.5
158.2
161.6
164.7
170.2
156.3
151.7
155.7
174
162.5
173.5
167.2
156.5
158.5
152
159.2
162.9
154.2
168.1
154.5
154.1
155.2
166.7
162.9
173
152
159.1
156.8
159
150.3
149.7
159.1
159.8
161.7
168.6
166.8
163.5
162.4
157
159.2
170.8
158.4
156.9
158.9
160.7
154.1
177.3
155.4
164.6
163.5
164.8
158.1
160.4
165.3
165.5
158.1
155.5
150.6
154.8
164.9
163.5
165.3
160.2
157.4
166
159.2
175
151.7
163.4
164
158.1
162
159.2
153.2
177.5
165.8
167.7
165.3
158.3
179.6
155.3
162.1
158.7
153.2
169.8
161.9
164.4
160.9
161.4
161.3
158.8
161.8
160.9
157.9
170.9
159.7
156.2
159.3
173.2
165.5
145.5
160.3
155.3
158.8
155.4
162
166.7
169.8
170.2
153.6
169
154.2
164.1
169.1
158.7
150.2
163.2
155.1
157.8
168.1
165.5
159.9
161.9
166.4
164.4
151.5
170.1
155.2
171.2
157.4
164.3
159.6
164.1
155.9
151.4
161.8
150
154.9
161.1
151.6
153.6
169.1
157.2
166.1
161.8
157.9
151.4
159
157.8
159.9
169.2
164.8
167.5
155.6
177.5
169.3
162.2
170.1
148.4
160.5
163.6
172.5
161.7
170.2
169.6
159.7
161.1
149.9
153.1
152.3
164.9
164.2
149.3
158
157.7
172.3
158.5
148.1
170.6
161.8
163.2
162.1
159.2
162.8
157.5
146.6
159.2
153.9
154.7
152.7
165
166.6
159.7
158.1
161.5
158
171.4
175.2
165.2
145.3
152.4
158.5
150.4
156
156.6
154.4
151.4
151.2
152.7
157.1
165.6
157.3
165.6
159.4
153.9
154.9
163.2
158.1
165.2
151.7
158.4
158.7
152.5
156.5
156.5
164.5
171.4
163.9
163.4
177.2
162.5
157.9
167.8
165.9
159.9
155.1
166.7
152.8
147.3
157.2
164.5
157.4
162.1
163.4
173.6
169.8
148.1
154.5
157.7
167
151
160
157.8
170.8
160.1
155.3
178
164.5
158.8
173.3
145.4
164.9
158.6
166.4
153.3
159.1
153.1
162.7
168.9
161.4
154.9
161.9
154.6
147
160.9
163.5
159.2
155.1
156.2
152.5
155.8
150.3
171.6
167.8
168.3
149.7
161.8
155.5
164.6
153
168.1
154.1
163
161.1
163.6
171.9
146.9
160.1
161.1
148.4
160.8
157.4
165.7
156.1
154.2
164.7
135.3
152.3
163.2
167.5
159.2
142
171.5
161.2
163.3
164.7
171.5
162.9
157.9
165.7
161.6
164.6
152.9
150.8
166.8
171.6
162.1
158
171.4
152
168.8
161.5
160.7
163.5
168.3
156.7
173.2
157.9
157.5
144.9
153.2
160.9
158.9
166.1
153.8
150.8
155.2
160.4
155.8
162.1
156.3
172
161.6
157.5
160.2
166.1
162.9
146.7
158.8
144.8
160.7
155.6
166.6
148.8
158.8
159.7
170.6
150.9
155.6
158.8
168.9
162.1
159.2
161.6
155.7
182.4
157.2
171.3
167.4
151
162.1
156
157.8
167.4
155.8
162
156.7
153.8
165
166.5
152.3
157.4
160.7
171.4
154.3
147.8
163.8
154.9
162.3
153.3
168.7
155
156.4
153.6
166.1
154.7
163.8
157.6
164.1
159.5
151
156.4
162.9
161.8
157.7
163
163
169.7
162.8
167.8
167.4
161.5
165.7
171.8
159.6
149.9
164.5
163.4
158.3
155.7
153.7
145.4
141.9
158.7
163.4
157.2
146.7
156.9
164.1
154.9
174.1
162.3
154.2
163.4
158.8
161
153.6
168.8
171.4
166.5
165.4
149.9
163.4
163.6
131.1
155
165.2
159.6
162.8
158.7
157.8
165.8
159.3
160.3
161.1
168.9
157.6
166
150.9
152.8
159.6
160.5
159.9
165.8
181.2
156.3
168.2
157
155.1
162.6
166.4
164.3
159.4
161
169.6
165.1
161.6
160.5
172.2
164.8
150
166.8
168.5
173.3
162.6
165.7
159.8
157.5
151.4
155.8
158.3
156.7
160.9
155.1
159.2
159.1
157.8
155
142.5
154.6
155.5
159.9
156.5
158.3
164.3
156.9
166.3
166
159.6
163.2
153.7
157.2
162
156.2
143.6
161.6
162.6
162.2
151.3
153.1
167.1
166.3
169.3
157
146.1
163.8
158.9
177.4
160.2
164
165.1
163.5
154.1
156.2
151.5
159
161.7
151.5
163.1
159.6
155
165.2
177.4
157.3
152.9
164.2
159.1
153.2
169.7
147
154.8
162.6
152.9
155
171
150.6
160.4
168.3
167.5
175.2
176.5
158.2
164.9
164.1
166.9
159
159.7
163.2
173.6
156.9
160.9
168.7
149.7
157.8
156.7
160.8
159.8
154.1
172.9
164.6
169
166.4
163.6
159.9
158.2
170.3
176.4
152.6
161.8
161.8
165.7
162.2
162.9
158.8
166.8
157.7
151.9
155.9
170.2
157.6
156.1
153.9
171.9
153.3
174.3
151.4
145.1
163.3
150.7
152.3
155.7
166.3
169.4
163.4
169.5
147.1
163.8
165.3
155.1
164.2
158.8
150.9
161.8
160.2
159.8
176.2
169.7
147.2
173.4
165.4
162.1
161.2
161
158.6
156.8
159.2
163.7
154.1
165.2
165
160.5
157.9
154.8
157.5
155.4
161.3
161.4
160.6
146.9
162.1
166.9
169
161.2
155
171.1
162
163.5
164.9
164.2
154.6
161.8
165.9
159.9
166
156.5
157
163.1
161.7
163.4
159.6
151.8
169.6
157.6
164.8
156.7
161
172.6
164.8
156
163.9
160.1
152.3
161.3
169.8
156.1
166.1
152.6
169.1
159.1
159.8
155.2
153.3
164.2
157.2
165.3
160.3
162.1
169.6
157.7
164.9
158.7
153.9
157.5
147.1
147
159.6
160
155.7
155.9
158.7
150.9
146.3
167.1
167.1
160.1
161.4
154.4
150.1
161.5
166.6
152.7
160.6
164.6
143.6
158.1
166.8
156.2
159.4
161.2
164.8
158
151.1
162.4
157.6
167.5
159.4
165.5
148.3
152.8
171.3
152
158.7
155.8
164.6
162.4
163.9
153.1
155.8
152.7
155.1
143.7
158.2
162.1
162.6
143.6
158.3
161.2
144.6
157.5
167
164.4
163.9
159.2
155.6
153.5
169
158.2
155.6
155.5
162.5
154.6
160.1
174
158.5
154.7
172.1
158
171.3
151.1
153.3
163
157
168.2
158
171.5
154.6
163.5
159.4
153.6
167.6
168
156.6
161.4
157.5
166.2
163
163.5
153.8
158
146.9
158.4
158.2
164.6
139.7
162.8
158.2
159.4
152.5
165.2
163
166.2
177.1
165.8
159.6
157.5
165.6
159.2
158.4
171.5
154.8
165.2
154.9
174.1
173.7
152.8
152.7
148.9
156.6
158.2
158.4
166.1
159.6
160.6
161.5
162.5
152.5
171.3
153.5
171
168.5
163.9
168.5
157.5
168.4
155.3
156.3
159.1
157.3
167.6
150.4
158.7
170.6
150.1
177.2
161.5
157.4
161.4
172.5
164.9
165.7
152.7
153.7
171.1
150.3
162.1
163.3
165.1
155.8
153.3
145.9
159.7
170.3
158.1
153.3
166.3
163.2
159
164.8
158
156.2
159.7
163.3
177.6
148.8
158.6
160.2
153.1
153.5
162.2
170.8
170.6
155.8
161.6
154.4
158.6
163.7
163.9
153.6
168.5
164.2
150.8
149.3
161.3
143.7
162.3
157.1
160
160
164
167
158.9
148.7
157.8
162.7
163.8
165.6
163.8
160.6
155.6
158.3
153.3
169.9
170.2
155.8
165.4
160.9
164.6
169
173.2
168.3
163.7
153.5
156.9
159.5
162.8
161.1
167.9
156.2
156.7
165.1
165
163.3
161.5
173.2
173.9
163.2
168.3
159.4
157.1
145.9
155.5
173.5
171.3
156.4
162.5
157.4
168.1
160.8
165.6
166.3
159.6
156.4
163.5
153.8
151.6
151.7
165.2
171.5
150.8
173.7
161.2
159.5
149.5
151.1
165.1
147.4
162.7
162.2
151.9
159.2
165.4
167.8
156.5
159.4
151.4
149.5
161
162.5
157.4
167
159.2
159.3
161.2
151.7
165.9
162
164
174.7
163.8
156.9
161.8
155.6
159
165
159
160.2
167.7
171.1
161.7
166.4
152.7
169.8
160.7
173.8
163.4
165.5
167.7
157.2
160.6
153.8
163.5
168.1
162.7
160.7
152.2
172.2
148.5
164.6
155
157.4
157.5
164.8
163.1
152.3
165
156.4
149.9
172.7
154.7
175.7
156.5
153.5
163.8
158.3
159
157.8
160.8
146.4
158.9
155.5
149.1
175.6
156
158.2
158.9
167.4
164.8
161.5
153.1
170
163.8
173.5
167
150.6
159.1
163.8
149.3
161.8
144.5
144.1
167.2
167.1
161
175.3
159.9
150.5
148.4
140.8
154.8
168.5
148.2
150.9
151.8
151.1
148.8
167.7
172.6
152
154.5
165.8
166.2
167
160.7
161.4
156.2
153
159.7
165.3
157.5
163.2
165.8
155
157.9
149.8
154.6
165.3
170.9
148.3
165.3
160.8
164.2
170.8
171.5
149
153.2
149.6
158.8
157.9
160.3
156
165.2
167.6
161.9
157
161.3
156.4
165.5
160.7
157.3
161.3
164.6
154.8
155.9
144.2
155.9
157.1
152.9
162.4
158.6
162.2
158.4
159
153.5
162.2
167.9
151.6
145.6
159.7
169.1
158.2
165.3
155
160.9
153.1
161.1
170.5
164.6
155.6
155.7
177
145.1
167.3
146.7
160.5
168
172.4
167.4
160.9
154.5
159.6
149.5
160.8
165.9
170.2
172.8
167.4
150.4
160.3
162.9
154.7
161.4
155.7
165.9
158.2
164.4
159.9
161.4
166.6
169.6
153.1
161.2
155.7
159.7
160.8
163
160.9
157.7
160.3
149.5
159.8
155.8
156.3
161.1
155.4
154.9
162.3
166.5
161.6
155.7
174.9
157.4
158.6
165.5
165.5
156.8
161
166
175.9
155.3
164
162
151.1
164.8
164.3
158.1
146.3
150.1
157.5
157.2
160.8
164.8
162.3
159.1
153.5
161.7
161.8
159.3
157.7
166
157.6
144.1
165.6
164.6
162.7
153.8
151.3
162.4
157.7
162.4
170.5
157.1
173.8
169.1
161.4
168.7
163
163
152.7
154
164.1
165.1
153.8
169.1
168.3
155.6
166
169
165.4
159.1
148.5
157.7
151.2
157
161.2
161.3
158.6
160.4
161.8
167.7
163.1
161.7
167.7
165.5
156.8
164.8
145.6
168.4
169.9
152.7
155.5
162.3
161
163
152
159
151.4
173.5
155.4
173.3
171.6
153.5
155.3
156
170.8
153.9
159.3
150.5
171.4
154.8
166.3
156.8
166.8
159.5
151.8
152.6
170.4
156.3
160.9
164.4
160.4
172.1
151.5
156.3
159.3
170.6
168.9
155.8
171.2
153.2
152.2
169.8
158.1
163.1
158
153.3
156.9
159.7
161.4
152.6
159.5
169.1
160.2
149.3
163.5
154.7
155.6
151.5
167.2
161.8
159.7
164.9
158.6
171.6
168.4
155.9
171.8
150.7
158.6
165.9
169.2
160.5
172.6
158.8
166.4
161.6
157.9
166.3
156.1
152.4
163.3
153.3
158.8
160.4
165.5
156.9
151.8
157.4
162.1
162.6
168.7
159.6
151.9
166.8
163.8
171.7
157.6
154.7
163.6
166.5
163.3
153.3
166.8
167.3
157.3
162.3
166.3
155.5
150.7
164.4
162.3
148.6
160.3
157.6
143.5
157.3
166.8
162.1
158.5
180
142.6
158.6
156.4
163.1
153.4
160.4
168
161.9
153.5
152.3
165.3
156.8
150
162.2
159.9
149.5
154.4
170.6
148.1
155.5
168.7
147.5
171.1
162
149.7
159.1
161.8
162.3
149.5
162.1
156.3
159.1
164.9
149.9
156
153.1
167.9
164
168.3
174.8
158.3
168.8
162.3
163.6
164.2
151.8
153.8
152.4
157.8
160.7
162.5
162
161.1
158.1
169.7
156.1
160.5
152.7
152.4
157.4
158.1
148.7
155.9
158.9
173.9
163.9
141.5
159.6
156.3
163.4
151.5
176.9
163.9
158.2
165.5
164.9
174.3
153.6
163
154.2
172.1
178
174
144.8
159.4
154.3
176.6
165.7
158.3
156.9
153.9
148.7
143.7
156.4
171
155.5
150.2
158.2
172.3
168.7
156.6
144.7
170.8
163.4
177.7
168.8
158.3
181.1
153.4
175.1
160.5
161.1
159.1
163.5
153.9
149.3
154.5
169.2
170.9
151.9
148.3
150.4
161.5
162.5
169.4
168.6
177.2
167.5
154.5
169.3
166.4
160.4
172.5
158.6
145.7
164.4
163.7
145.9
158.3
158.5
162.2
168.1
143.5
158.7
155.1
163.3
151.6
155.1
172.3
163.8
172.9
160.3
172.9
154.2
164.6
150.6
149.5
162.5
150.8
170.2
145.7
168.2
151.1
174.5
166.3
149.1
166.5
158.6
171.3
163.7
169.3
155.9
155.4
158.1
147.2
146.8
143.3
168.6
157.2
151
152.5
168.4
147.7
149.1
172.3
158.4
167.9
145.3
167.8
164.4
162.2
157.1
161.8
165.5
156.4
156.1
164.9
157.4
167.3
154.4
168.4
166.2
176.7
165.3
162.8
161.7
171
161.4
156.5
158
155.1
155.2
163.8
155.6
165.3
145.9
163.7
155.8
152.4
160.2
157.1
165
167.4
157.1
152.9
150.7
160.7
160
159.2
149.8
149.8
166.2
161.7
159.3
163.1
159.9
143.4
159.2
162.4
157.6
171.8
167.6
154.1
163
148.9
153.4
156.3
173.2
149.3
163.6
158.8
162.7
160.4
165.4
161.2
179.4
164.1
154.1
166.2
175
149.7
159.8
157.5
155.2
158.2
163
152
155
169.1
157.3
161.8
166.5
160
154.9
176
157.2
171.6
151
160.3
168
168.4
176.9
169.7
158.8
177.3
165.7
158.3
157.4
151.1
156.1
152.9
162
159.1
154
160.6
157.1
171.8
168.4
153.6
150
158.7
154.2
161.6
161.7
147.2
160
162.2
153.4
163.1
166.7
176.8
151.8
155
151.6
149.9
143.6
159.2
157.2
165.1
155.3
148.7
163.5
158.6
164.4
172.4
153
171.8
165.6
163.6
155.7
155
165
164.4
153.9
143.1
153
157.7
168
168
161.5
158.2
166.2
166.3
167.8
166.8
152.7
153.2
147
162
157.9
156
150.4
158
154.9
154.7
146
162.6
151.4
163.2
163.3
155.4
163.6
160.4
151.1
160.7
159.3
172.6
168.4
168.9
145.6
165.1
157.2
162.3
156.1
167.1
155
151.4
163.2
152.9
155.2
147.8
176.3
166.2
150.5
152.2
161.9
157.4
155.3
164.3
155.3
151.6
152.3
155.1
160.2
158.6
156.7
154.8
168
174.8
160.4
158
158.1
157
167.4
147.1
169.6
163.8
153.7
159.1
182.4
164.1
175.6
161.3
147.6
162.2
162.9
168.4
156.5
151.5
156.5
161.4
156.3
180
149.4
163.2
163.2
165.6
154.2
167.3
166.1
147.6
171.6
165.5
168.9
162.9
159.7
158.6
157.3
149.4
150.1
160
152.3
166.7
164
158.3
163.2
156.2
159.1
155.1
161.4
158.1
156.6
159
167.1
163
168.7
167.1
171.5
155.4
165.5
163.2
174.7
159.5
169.3
156.5
149.9
162.5
158.3
163.5
157
150.1
157.5
167.6
163.2
153.9
153.7
157.1
168.9
157.5
162.1
160.6
145.7
159.9
158.3
165.6
160.2
162
164.2
163.8
168.7
163.4
159.6
171
167
168.4
158.7
150.2
164.6
155.6
163.6
156.3
155.1
163.7
159.5
155.9
166.3
155.6
156.5
163.4
161.5
157.9
166.3
163.2
151
154.7
159.8
159
159.9
155.9
145.6
160.4
172.6
176.2
161.8
160.5
162
163.1
146.1
158.7
147.3
138.3
152.2
163.8
156.7
168.7
153
167
156.9
155.1
161.1
153.9
161.7
156.5
166.1
160.7
162.6
161.9
149.2
155
150.3
154
170.9
152.2
154.9
151.1
161.3
156.5
152.1
155.1
161.8
167.3
145.7
157.2
151.1
145
157.1
154.4
172.5
149.6
162.5
171.1
149.8
150.3
152.2
168
160.1
157
146.2
165.3
155.4
152.9
172.7
173.1
163.2
174.7
154
154.3
163.3
158
166.6
159.3
172
158.5
163
150.6
173.6
160.4
164.3
163.9
158.6
153.9
158.4
153.5
161.1
153.1
154.3
159.6
168.2
170
166.1
156.5
171
162.4
160.1
160.9
152.2
158.6
150
163
155.8
161.1
156.6
154.1
154.7
157.9
152.4
155.3
165.5
156.3
155
162.2
163.3
167.4
161.4
159.1
178.4
157.5
158
154.9
167.1
155.2
151
152.9
154.7
160.7
156.7
153.9
150.5
172.9
160.1
174.8
166
164.4
166.6
156.3
158
159.7
147.2
158.8
159.8
162
160.3
159.8
153.3
154.5
154.2
172.6
154.4
161.6
172.1
152.7
160.1
156.9
164.1
159.3
159.4
163.1
159.8
149.2
157.9
162.4
169.5
168.3
171.9
164.8
163.3
160.6
155.4
151.4
157.1
147.6
168.2
159.1
166.8
159.9
158.3
152.7
163
153
160.2
163.5
156.3
175.1
165.2
157.9
157.4
167.6
167.1
178.8
179.9
162
171.1
163.8
157.7
165.3
153.8
155.7
150.2
165.5
160.4
167.8
154.2
154.7
167
151.2
156.2
172.4
155.3
163.2
163.5
160.8
159.1
166.2
159.4
156.6
159.8
158.2
160.5
157.9
142.7
161.2
158.9
161.6
163.4
161.5
166.6
165.2
170.6
156.4
151.9
166.3
154.9
158.2
155.5
148.5
160.6
166.2
162.8
155.6
148.4
160.2
152.4
150.7
160.7
159.4
150.6
141.7
154
166.5
157.3
160.6
174.6
155
158.6
163.6
152.4
162.5
168.8
154.8
165
149.3
163.2
154.1
163.3
151
156.4
160.5
160.9
161.9
161.1
153.6
161.3
160.6
160.9
156.2
166
161.4
157.4
154.7
163.3
160.7
164.5
159.7
155.3
170.4
163.2
161.9
163.8
162.3
168.2
151.3
168.6
168.1
162.8
159.6
155.7
166.1
164.6
161.7
154.1
145.6
161.7
157.8
164.6
147.5
148.5
149.9
163
158.3
150.5
153.4
155.7
153.2
149.5
162.4
161.6
161.6
154.7
157.5
163.5
161.9
149.7
167.8
152
185.3
156.1
151
173.6
149.1
161.1
163.8
160.5
152.8
165
157.3
160
150.7
164.5
165.8
145.5
154.1
154.9
161.4
154
153.2
162.7
159.6
165.3
175
153.9
170.2
161.6
162.1
171.3
160.8
153.5
155.7
156.1
154.6
160.7
166.7
154.7
150.6
170.2
152.3
164.7
151.7
157.7
154.5
163.3
155.2
160.6
147.9
156.4
155.9
170.7
167.2
155.6
147.1
155.9
156.6
167
156.5
156.9
153.5
163.9
158.7
164.6
152.6
157.5
151.6
147.6
160.6
164
158.2
156.4
152.4
155
164.4
148.5
167.6
159.3
160.2
162.8
154.1
157.4
159
160.8
172.5
157
163.6
163.5
172.2
155.1
157.1
157
151.2
160.7
161.1
152.5
151.6
152.8
165
164.1
166.6
158.9
172.4
163.9
170.5
158.3
161.8
159.3
157.9
157.6
169.5
165
162.3
177.3
163.3
157
163.7
167.2
142.8
166.2
155.1
168.9
159.4
155.5
151.2
160.3
159.8
155.6
155.3
158.2
169
163.2
166
147.3
162.3
155.2
159.3
164
153.5
161.7
164.9
156.6
162.8
158.4
153.4
164.7
168.7
152.2
151.9
155.9
148.4
156.8
155.2
170.6
155.6
157.4
170.9
158.7
162.6
160.4
163.4
160.4
157.5
162.1
161.4
163.8
153.3
165
163.7
153.5
161.2
156.9
167.1
148.8
168.2
163.5
151.8
173
143.9
162.4
162.3
151.5
161.9
157.3
162.1
147.9
149
151.6
163.9
155.4
151.5
172.3
158.6
144.8
168.6
160.2
158.1
165.9
165.8
162.5
155
174.9
161.4
162.1
148.4
150.9
166.1
162.9
158.5
156
172.4
153.7
161.6
166.6
156.7
154.2
157.9
170.6
153
158.1
165.5
159.1
157.7
161.3
161.4
158.8
168.3
167.5
152.5
164.9
151.8
167.1
160.6
158.4
164.6
156.7
166.2
162.5
146.6
159.4
158.4
163.4
160.9
151.8
171
167.1
169.4
159.4
154.9
154.2
149
159
166
167
167.6
171.4
152.8
166.3
163.2
170
160.3
156.8
176.7
163.7
168.5
160.1
178.2
155.3
152.7
152.9
149.3
164.1
175.8
157.4
156.6
157.8
154.5
160.2
166.6
180.4
166.9
163.2
160.8
165.8
160.6
163.3
168
152
163.8
162.4
161.1
163.3
163.8
167.4
149.4
151.4
158.4
150.7
159.1
161.5
163.1
155.3
161.5
158.8
161.9
143.3
153.6
154
156.7
162
163.7
164.4
155.7
156.8
148.3
166.7
157.6
156.8
166.2
139.7
173.6
157.9
157.4
164.4
162.9
141.1
163.4
161
164.7
156.1
167.2
164.6
160.1
165.5
161.3
168.1
158.5
164.5
156.6
162.2
160.1
157.2
171.6
165
158
156.9
161.3
160.4
163.8
153.1
142.3
165.2
159.3
158.8
159.5
156.7
166.2
173.3
155.4
164.1
163.7
146.1
145.9
160.9
166.3
157.6
151.3
159.8
170.7
155.7
163.2
172.9
187.8
155
168
156.9
166.3
155.1
159.5
147
159.3
154.5
147.6
152.1
164.5
145.4
171.6
147.7
155.2
160.5
166.4
156.9
152.1
163.7
154.4
148.7
171.1
162.5
162.8
154.5
156.6
166.1
164
162.8
155.8
153.2
161
163.1
167.3
169.6
167.9
153.8
159.7
161.3
167.7
171.3
145.1
173
149.2
165.6
167.7
149.6
143.9
158.9
171.6
162
160.8
156.1
158.6
148.3
169.1
159.1
154.5
162.6
145.1
163.2
161.7
150.6
160.8
157.3
162.8
161.7
156.8
167.7
157.4
152.6
162
160.8
163.5
164.5
168.1
150.7
153.4
162.5
179.8
167.3
158.6
159.7
151.4
145.6
164.1
161.6
157.8
168.8
156.8
153.5
151.2
154.7
152.5
155
148.5
157.1
173.9
166.7
169.3
153
164
160.3
153.9
157.5
161.5
163.5
155.8
159.2
160.3
176.6
162.4
159.1
152.5
158.2
157.2
158.8
162.7
157.2
166.7
170.6
166.4
167.9
167
151.2
160.3
154
157.9
175
157
146.8
153.8
162.8
162.2
154.7
163.4
165.5
164.6
173.1
166
159
176.1
155.2
150.6
164.6
171.3
176.3
159.5
160.8
170.1
152.1
157.4
167.4
159.1
163.8
163.6
161.6
166.6
161.1
152.6
147.4
165.1
162.1
164.9
168.8
153.3
164.4
169.9
167.7
162.6
162.3
141.4
157.7
158.3
159.4
149.2
146.9
162.2
169.8
153.2
151.6
170.2
166.5
158
160.3
159.3
159.5
159.8
165
165.1
149.3
154.5
161.4
148.5
166.3
150.9
156.5
153.8
161.7
169.7
160.6
151.1
157.5
161.9
148.2
168.2
163.5
156.5
168.1
154.6
165.9
156.9
168.3
160.6
146.1
152
177.5
160
163.8
158
165
160.9
147.8
154.9
147.6
169.2
156.3
164.2
162.2
167.9
158.2
157.9
163
162.1
171.6
154.9
168.4
151.4
158.9
154.6
158.3
166.2
154.8
158.4
156.4
164
158
152.8
165.3
159.5
166.7
165
161.6
176.4
152.6
163.8
163.3
173.8
156
161
164
168
163
158.9
149.1
156.9
171.8
152.1
149.8
149.9
154.6
165.1
175.6
152.5
166.3
161.4
160.3
159.4
162.9
157
154.9
157.8
156.3
167.4
166.8
166.4
155.1
165
167.1
161.2
166.9
158.2
156
159.6
151.4
169.8
159.1
155.3
157.9
149.2
160.6
166.2
153.9
151.1
165.8
154.1
158.2
153.3
145.1
155.6
163.7
163.3
155.9
170.8
156.3
154.2
155.7
161
166.8
153
160.8
156.8
158
165.3
152.7
160
167.6
161.1
157.9
162.8
153.8
169.1
155.4
146.5
151.2
161.8
157.5
162.7
146.8
167.5
151.2
159
160.2
158.5
158.6
154.9
166.1
169.7
151.2
152.2
164.6
171.5
152.4
165.5
149.1
159.2
154.2
164.6
159.7
156.7
163
164.3
162.1
165.2
164.2
163.6
179.5
156.7
147.9
158.6
147.6
152.7
164.9
161.6
152.9
147.7
166
160.3
166
159
164
163
153.3
162.2
158.8
156.4
165.4
160.1
165
154.5
163.7
145.4
160.2
146.6
151.5
164.1
161.2
157.9
155
152.4
161.1
160.3
155.5
153.5
158.4
152.6
156.6
157.9
159.7
154.3
177.1
155.5
159
153.3
168.4
171
158.7
165.3
156.6
147
159.5
173
168
163.4
173.8
157
151.7
172.3
156.4
150.7
155.5
171
161.2
162.2
157
152.9
155.3
168.3
178.4
158.4
160.5
160.1
160
158.6
153.5
171.6
159.2
164.2
160.4
159.4
165.9
167.4
154.9
162.1
158.9
152.8
170.9
156.8
155
158.6
148.7
154.6
172.4
161
150.6
159.1
143.7
155.4
164.6
158.9
160.2
154.9
166.5
161.2
159.2
171.7
148
161.4
163.4
163.9
162.8
163.3
159.6
162.4
155.6
164.9
159.1
148.5
162.7
156.3
157.1
168.7
154.1
157.5
161.7
159.7
159.7
159.3
161.2
165.6
169
158.4
160.2
151.1
158.5
156.6
159.4
153.2
165.3
161.6
174.9
166
163.3
152.1
170.4
166.2
157.4
150
150.4
171.5
155
170.1
170.9
170.6
174.1
158.6
154.6
153.7
156.9
159.1
152.8
162
164.5
159.3
162.7
157.2
143.7
157.3
164
163.2
152.1
168.9
157.9
156.9
153.4
159
172.3
156.2
146.7
155.3
171.9
157.3
141.5
159
157.6
159.6
163.9
162.1
171.9
149.8
161.2
166.3
178.4
153.7
170.8
159.4
163.7
158.9
172.6
155.5
148.3
160.2
155
157.2
158.1
162.3
166.3
157.8
152
172.4
162.5
159.8
154.1
152.8
161.8
149.9
156.4
154.8
161
168.1
150.6
163.1
153
163.1
154
165.5
161.9
157.7
157.7
157.4
160.3
157.6
158.8
141.1
163.8
156.8
158.4
157.2
162.7
166.6
155
156.6
155.4
162.9
159.2
159
155.8
155.7
153.9
150.4
163.9
170.3
170.1
156.8
160.1
160.8
145.6
157.9
154.5
154.8
159.4
153.4
153.5
161.4
152.1
168.7
168.3
165
153.8
165.3
167.4
145.7
167.6
154
164.9
143.1
162.4
152.5
162
160.6
155.4
157.5
154.1
158.8
166.5
160.4
163.7
168.5
151.3
153.7
154.2
144.9
157
163.1
156.1
146.7
165.5
153.5
160.5
152.7
157.8
170.2
155.8
147.8
167
153.8
160.2
168
165.8
160.3
165.1
151.5
164.6
159.8
161.6
158.5
163.3
162.7
158.4
153.5
166.4
155.9
160.6
160.9
156.7
162.4
157.5
159.2
150.7
169.3
167.5
160.5
159.8
166.4
160.6
160.6
167.1
165.2
166.9
152.8
157.8
153.1
173
162.8
150
143.3
154.3
159.9
167.4
169.2
166.1
162.3
165.1
157.8
154.6
163.5
150.5
175.1
154.2
166.5
167
155.6
157.1
162.1
153.7
163.2
163.5
160.3
155.7
155.9
162.3
171.8
154.7
153
163.5
166.3
171.7
158.3
160.7
155.1
168.9
158.1
158.8
167.9
154.8
160.7
171.7
162.8
156.1
177.7
156.9
163.2
159.2
161.9
164
154.4
161.7
165.6
160.2
161.5
160.8
151.5
153.5
161.3
158.2
166.8
164
164.8
160.9
157.1
163.4
162.4
156.7
153.2
173.9
151.1
154.9
166.1
142.9
156.1
159.1
167.5
150
151.3
155.8
159
171.1
156.3
163.9
151.3
160.5
160.6
155.9
165.3
167
159.8
166.3
162.6
160.4
159.2
152
166.4
165.3
168.1
167.9
172.4
165
163.4
163.9
175.9
165.6
161
161.7
171.3
151
150.8
167.8
154.6
144.9
162.5
175.1
164.5
159.6
164.7
153.5
173.1
158.2
173.6
159.8
158.2
159.2
167.2
147.6
164
159.7
156.5
156.2
159
164.1
160.7
163
161.5
147.2
162.5
170.3
156.1
156.9
167
154.9
153.2
164.5
157.9
146.9
155.6
160.9
169.8
168.8
159.6
163.5
164.6
150.9
165.6
161.1
159.9
160.2
163.4
171.2
152.9
161.3
165.4
159.5
160.4
149.2
153.3
149.5
168.5
155.1
171.3
155.5
172.6
164.8
168.5
164.9
155.3
150.6
164.5
165.3
149.6
152.7
153.9
157.1
157.1
160.2
163.6
169
157.6
160.8
175
167
154.7
144.5
148.9
161.7
152.4
156.7
155.7
148.8
157
158.7
155.1
159.1
165.3
170.1
163.6
153.8
166.6
158.5
144.8
157
165.6
161.1
166.7
163.2
158.5
156.1
170.5
165
151.8
155.9
163.1
163
169.8
171.3
151.3
165.3
160.9
156.2
160.5
161.8
154.7
173.5
165.5
160.8
172.4
165.3
161.4
163.3
156.8
168.5
165.5
163.4
154
166.7
155.7
154.6
149
156
160.4
157.9
161
161.9
151.6
172.9
169.5
174.9
156.4
165.5
157.4
165.2
151.9
159.9
151.5
159
167.4
160.1
163.2
157.6
154.8
157.7
163.5
152.8
164
158.8
166.8
144.6
168.7
155.7
166.8
152.5
174.7
154.5
150.2
160.3
171.3
167.5
147.7
162.1
166.4
166
152.8
154.8
170.7
170.2
160.5
153.1
166.4
167.3
154.1
163.6
157.1
168
164.2
167.4
156.5
164.8
158.3
155.2
152.1
163.4
160.7
160.6
162.4
155.2
154
162.4
159.3
158.5
162.4
159.8
157.3
158.9
159.6
152.3
160.8
163.5
152.6
171.4
166.3
141.4
163
153.4
151.6
162.8
160.4
173.4
163.3
147.2
149.3
170.7
154.4
159.2
160.8
166.9
149.1
156.5
165.1
158
151.2
154.7
165.7
142.9
164.9
164.2
167.9
159.8
155.3
152.9
168.5
140.5
168.2
163.7
176.7
162.2
157.5
153.7
165.9
155.7
157.6
144.2
168.9
176.5
146.9
156.4
152.3
159.4
169
164
154.6
149.4
164.2
164.5
170.9
152.4
152.2
163.5
160.3
148.9
159.8
157.3
157.5
180.6
151.7
154.6
161.8
151.8
166.7
170.4
161.8
153.7
155.7
165.2
158.8
153.5
160.7
161.7
165.2
159.3
155.1
177.7
159.8
174.1
149.5
160.3
164.5
153.9
162.9
163.2
157.4
159.1
152.5
163.3
154.6
165.2
161.4
153.7
158.4
156.1
166.9
155.9
166.6
148.8
167.7
161.3
156.5
151.9
155.3
172.7
164
156.8
154.5
166.9
162.6
164.8
156.2
160.8
162.1
157
167.4
159.6
168.5
147.8
