# source: https://en.wikipedia.org/wiki/List_of_largest_cities
37400068
28514000
25582000
21650000
21581000
20076000
19980000
19618000
19578000
19281000
18819000
15400000
14967000
14838000
14751000
14681000
13482000
13463000
13293000
13215000
13171000
12638000
12458000
12410000
11908000
11738000
11440000
10901000
10574000
10517000
10456000
10391000
10156000
9963000
9507000
9482000
9046000
8896000
8864000
8813000
8245000
8176000
8145000
7774000
7681000
7564000
7444000
7429000
7360000
7236000
7236000
6921000
6907000
6812000
6680000
6564000
6497000
6339000
6276000
6115000
6115000
6099000
6082000
6048000
6036000
5972000
5792000
5695000
5572000
5551000
5534000
5494000
5486000
5383000
5381000
5300000
5207000
5157000
5086000
5052000
5023000
