# Simulated UK household disposable income, in GBP, financial year ending 2020
# based on the log-normal(10.30495, 0.58653) model
# Original binned data Source:
# Office for National Statistics – Household Finances Survey
# https://www.ons.gov.uk/peoplepopulationandcommunity/personalandhouseholdfinances/incomeandwealth/bulletins/householddisposableincomeandinequality/financialyear2020
199969
144889
144307
135338
135021
133569
128571
126333
124287
123310
121921
120887
120307
116565
115490
115122
114681
108512
107784
106629
106158
104125
102409
101607
99448
98721
96948
96709
96411
95186
94676
94069
93817
93550
91555
91194
89893
89314
88951
88118
88087
87329
85223
84854
82844
82148
81706
81574
80400
80252
79841
79624
79388
78886
78735
78689
78226
78144
77893
77588
77440
77074
76307
76078
74547
74062
74019
73665
73414
72840
72723
72722
72549
72188
71857
71511
71352
71341
69764
69719
69592
69142
68082
67904
67149
67072
66736
66681
66663
66371
65400
65120
64724
64519
64095
64059
63829
63177
63018
62683
62339
62197
62070
61716
61716
61680
61564
61262
61150
61047
60922
60758
60685
60106
59950
59739
59293
59184
58758
58616
58494
58293
58018
58009
57805
57803
57453
57321
57306
57294
57292
56856
56848
56455
56450
56324
56131
56100
55985
55677
55456
55451
55403
55286
55206
55163
54567
54528
54500
54359
54324
54273
54238
54190
54123
54054
53898
53512
53411
53402
53289
53279
53156
52996
52714
52695
52549
52510
52441
52329
51895
51323
51224
51170
51098
50996
50991
50789
50761
50638
50512
50265
50203
50191
50163
50138
50101
50011
49831
49667
49650
49603
49588
49393
49343
49182
49090
49070
49049
49046
48921
48842
48745
48503
48487
48380
48377
48301
48268
48148
47797
47704
47698
47502
47487
47477
47429
47412
47330
47213
47182
46912
46911
46575
46565
46501
46419
46338
46181
46143
46141
46118
46024
45453
45390
45387
45357
45251
45160
45143
45097
45086
44751
44732
44637
44622
44414
44348
44282
44138
44119
44026
44003
43831
43778
43742
43684
43604
43539
43479
43404
43393
43313
43257
43230
43090
43036
42934
42898
42895
42703
42682
42617
42501
42234
42231
42154
42102
42062
41956
41700
41592
41571
41553
41548
41350
41308
41257
41217
41091
41045
41009
40978
40904
40852
40846
40653
40522
40500
40461
40334
40302
40160
40032
40013
39881
39723
39680
39611
39527
39506
39478
39248
39155
39148
39076
39074
39048
39014
39010
38940
38865
38651
38599
38571
38569
38476
38458
38410
38372
38240
38204
38065
38035
38009
37854
37798
37733
37677
37657
37524
37473
37456
37391
37372
37333
37306
37300
37283
37223
37193
37188
37147
37099
37095
37014
36994
36901
36880
36825
36810
36605
36344
36333
36308
36299
36286
36140
36058
36015
35924
35906
35848
35848
35843
35839
35703
35656
35653
35630
35620
35610
35592
35407
35346
35293
35206
35149
35137
35136
35085
35029
34963
34810
34739
34666
34604
34596
34471
34468
34418
34371
34345
34304
34269
34218
34208
34141
34122
34016
34010
33919
33915
33887
33885
33875
33836
33745
33723
33710
33709
33526
33407
33391
33378
33243
33233
33172
33106
33105
33025
32976
32923
32913
32769
32757
32746
32693
32660
32630
32565
32560
32523
32515
32506
32484
32420
32324
32234
32210
32178
32132
32084
32073
32045
32037
32024
32015
31996
31884
31819
31791
31753
31705
31702
31673
31622
31585
31523
31509
31485
31403
31313
31306
31278
31216
31172
31142
31128
31072
31047
31044
31028
30946
30882
30878
30855
30824
30718
30711
30612
30550
30492
30438
30341
30316
30250
30241
30220
30076
30008
29981
29930
29927
29910
29809
29687
29630
29601
29428
29405
29387
29384
29379
29364
29307
29302
29289
29247
29138
29101
29041
28995
28983
28948
28922
28914
28833
28815
28656
28618
28590
28584
28552
28549
28524
28476
28462
28454
28398
28368
28344
28338
28320
28295
28283
28258
28253
28233
28222
28221
28220
28162
28147
28139
28084
28083
28041
28018
27953
27910
27858
27843
27805
27733
27657
27656
27635
27543
27504
27278
27231
27165
27151
27034
26901
26888
26840
26819
26804
26790
26721
26701
26664
26637
26617
26615
26575
26561
26550
26538
26490
26450
26421
26406
26384
26373
26366
26355
26348
26334
26294
26278
26255
26243
26187
26174
26167
26145
26107
26022
26013
25971
25967
25855
25817
25713
25621
25577
25569
25538
25470
25455
25415
25378
25369
25349
25333
25284
25268
25246
25146
25132
25130
25063
25033
24979
24972
24819
24748
24739
24727
24699
24681
24678
24614
24576
24422
24370
24357
24340
24338
24322
24306
24300
24270
24193
24141
24074
24042
24017
23987
23972
23907
23904
23897
23788
23761
23690
23673
23592
23443
23438
23434
23430
23399
23322
23256
23143
23127
23122
23068
23019
23007
23003
22995
22944
22906
22844
22836
22836
22800
22761
22725
22698
22644
22598
22513
22498
22482
22418
22409
22403
22378
22295
22257
22255
22203
22076
22067
22052
22011
21992
21988
21936
21932
21885
21784
21638
21574
21567
21550
21534
21509
21491
21366
21344
21339
21334
21334
21322
21321
21295
21251
21146
21116
21102
21082
21049
21013
20997
20993
20972
20960
20911
20879
20814
20715
20709
20675
20654
20592
20520
20486
20467
20444
20385
20363
20328
20313
20258
20232
20106
20070
19973
19972
19959
19899
19897
19880
19837
19807
19765
19712
19698
19642
19620
19605
19579
19569
19552
19503
19493
19486
19440
19418
19376
19344
19216
19140
19082
19027
18975
18893
18891
18886
18871
18856
18815
18815
18811
18785
18695
18486
18383
18369
18355
18322
18319
18207
18160
18153
18111
17985
17980
17906
17883
17695
17673
17667
17581
17485
17404
17231
17162
17141
17099
16997
16896
16876
16714
16694
16683
16652
16652
16569
16566
16540
16484
16470
16441
16387
16369
16365
16253
16245
16239
16220
16219
16148
16117
16093
16059
16015
16013
15973
15936
15913
15883
15789
15766
15741
15711
15688
15678
15661
15524
15492
15463
15450
15350
15335
15327
15318
15168
15166
15056
15047
14985
14942
14909
14908
14901
14882
14804
14793
14708
14661
14629
14603
14584
14532
14470
14430
14343
14281
14269
14264
14228
14225
14065
14046
13851
13805
13801
13791
13753
13714
13626
13598
13529
13528
13506
13472
13458
13425
13420
13238
13226
13182
13053
13028
12988
12983
12852
12825
12811
12759
12717
12699
12698
12686
12678
12406
12340
12330
12290
12280
12185
12159
12106
12054
12047
11931
11883
11680
11594
11569
11568
11541
11443
11349
11345
11237
11234
11233
11212
11116
11111
11075
10853
10843
10699
10685
10665
10519
10456
10105
10080
10063
10035
9883
9660
9585
9568
9560
9556
9475
9455
9428
9285
9169
9043
8967
8966
8961
8870
8830
8662
8429
8171
8103
7989
7712
7035
6864
6496
6340
6274
5750
