# Simulated total income after tax, in GBP
# Based on a truncated log-normal model
# and 2018-2019 percentile data for UK Taxpayers
# given in https://www.gov.uk/government/statistics/percentile-points-from-1-to-99-for-total-income-before-and-after-tax
158217
138249
123116
119950
118014
115357
109494
93222
90552
90328
81953
80532
78956
78666
76584
69005
68765
67797
65599
65450
65412
65341
62417
62390
60021
59874
59340
59012
58836
58550
58256
57462
57422
56967
56926
56641
56535
56081
54677
54453
54192
53918
53750
53660
53620
53567
53511
53228
52849
52161
51921
50917
50832
50739
50645
50451
50107
50104
49278
49218
48974
48919
48890
48864
48822
48768
48709
48554
48546
48373
48043
47861
47656
47608
47485
47041
46754
46748
46738
46428
46212
46156
45854
45730
45579
45349
45328
45233
45100
44834
44791
44610
44527
44485
44413
44311
44255
44212
43890
43781
43654
43434
43335
43064
42982
42968
42380
41953
41891
41762
41684
41657
41485
41290
41085
40746
40516
40281
40239
40153
40052
39957
39913
39781
39741
39695
39602
39463
39352
39284
39275
39238
39123
39102
38919
38772
38768
38628
38566
38553
38531
38527
38520
38340
38186
38155
37914
37910
37888
37809
37796
37571
37373
37344
37164
37161
37112
37071
37068
37036
36882
36741
36735
36696
36434
36399
36355
36308
36294
36263
36261
35972
35948
35917
35905
35902
35876
35752
35706
35435
35287
35167
34907
34802
34759
34757
34683
34647
34640
34626
34574
34430
34405
34368
34273
34249
34092
34060
34040
33948
33887
33860
33814
33599
33555
33546
33525
33476
33396
33250
33246
33178
33096
33055
33030
33017
32973
32871
32816
32805
32780
32686
32670
32503
32440
32375
32161
32160
31951
31910
31907
31609
31557
31433
31426
31268
31177
31159
31136
31127
31105
31052
31027
30869
30822
30803
30802
30791
30732
30671
30658
30542
30532
30491
30438
30426
30400
30375
30361
30352
30351
30087
30055
30034
30022
29972
29970
29938
29900
29858
29800
29709
29687
29676
29672
29470
29428
29406
29329
29324
29262
29206
29204
29194
29186
29185
29150
29100
28953
28928
28887
28882
28878
28870
28732
28732
28708
28656
28624
28611
28568
28557
28553
28552
28474
28407
28357
28296
28236
28215
28166
28149
28108
28101
27973
27922
27901
27899
27822
27809
27787
27786
27631
27592
27570
27516
27510
27495
27479
27448
27326
27314
27231
27024
26926
26923
26847
26835
26750
26732
26667
26615
26612
26610
26546
26526
26431
26431
26374
26370
26322
26295
26276
26264
26225
26194
26130
26106
26087
26025
26021
25992
25973
25922
25806
25760
25662
25643
25633
25603
25543
25517
25511
25469
25464
25462
25448
25375
25265
25233
25160
25096
25092
25042
25015
24995
24951
24867
24866
24836
24834
24777
24746
24725
24628
24599
24568
24539
24536
24449
24419
24406
24333
24326
24273
24223
24200
24120
24110
24108
24098
24065
24040
23991
23914
23892
23876
23863
23833
23800
23770
23690
23689
23685
23638
23631
23593
23592
23547
23477
23419
23278
23237
23217
23199
23185
23138
23097
23012
22932
22931
22862
22797
22794
22783
22777
22763
22673
22649
22643
22616
22557
22533
22446
22439
22372
22366
22338
22295
22291
22236
22201
22177
22158
22149
22094
22079
22063
22008
21988
21911
21894
21889
21881
21870
21859
21804
21770
21766
21731
21731
21727
21726
21640
21628
21578
21521
21483
21480
21447
21400
21398
21328
21291
21288
21230
21177
21145
21101
21066
21059
21059
21008
21005
20891
20883
20863
20854
20830
20809
20804
20762
20754
20753
20686
20659
20636
20619
20615
20555
20545
20544
20532
20520
20512
20508
20493
20461
20454
20444
20435
20411
20403
20403
20324
20263
20251
20122
20095
20086
20078
20078
20073
20071
20023
19945
19938
19873
19849
19787
19763
19738
19736
19718
19688
19652
19628
19546
19510
19494
19479
19462
19452
19399
19385
19362
19359
19342
19316
19278
19237
19233
19201
19178
19132
19129
19119
19103
19085
19083
19064
19037
19031
19024
19015
18990
18989
18940
18919
18882
18855
18845
18824
18822
18787
18780
18776
18680
18653
18590
18559
18554
18543
18533
18492
18427
18373
18347
18312
18304
18301
18299
18298
18287
18250
18185
18177
18172
18143
18113
18109
18084
18063
18022
18009
17977
17952
17923
17907
17885
17840
17806
17787
17751
17751
17751
17726
17713
17697
17692
17672
17664
17641
17639
17636
17632
17610
17609
17590
17558
17538
17537
17498
17458
17452
17443
17432
17394
17391
17390
17375
17374
17361
17330
17317
17316
17313
17238
17224
17214
17201
17159
17150
17141
17078
17000
16993
16981
16942
16917
16913
16894
16862
16836
16785
16751
16736
16724
16723
16713
16699
16669
16667
16667
16654
16647
16640
16596
16572
16561
16504
16477
16470
16461
16446
16418
16377
16338
16326
16274
16235
16220
16220
16214
16199
16189
16180
16179
16177
16147
16133
16108
15962
15952
15945
15914
15880
15868
15855
15851
15841
15838
15835
15749
15718
15670
15662
15660
15622
15585
15574
15526
15483
15472
15459
15455
15417
15413
15398
15379
15360
15341
15332
15317
15292
15291
15289
15258
15252
15249
15222
15200
15192
15167
15122
15121
15108
15096
15092
15086
15065
15016
15011
14963
14942
14942
14931
14915
14913
14894
14823
14806
14779
14747
14665
14601
14568
14562
14503
14494
14492
14487
14478
14463
14452
14420
14418
14369
14338
14324
14317
14307
14252
14248
14215
14201
14123
14081
14077
14050
14016
14012
14010
14000
13957
13904
13855
13821
13802
13798
13740
13708
13694
13691
13632
13607
13468
13396
13390
13362
13342
13326
13297
13221
13213
13192
13173
13159
13099
13077
13074
13070
13066
13053
12973
12912
12897
12882
12867
12857
12826
12799
12748
12743
12724
12705
12702
12694
12681
12635
12536
12528
12516
12504
12484
12437
12382
12369
12346
12335
12333
12311
12296
12277
12223
12191
12168
12148
12143
12099
12089
12017
12016
