# The UK Her Majesty's Revenue and Customs
# Total income after tax, 2018-2019, UK Taxpayers only, in GBP
# Source: https://www.gov.uk/government/statistics/percentile-points-from-1-to-99-for-total-income-before-and-after-tax
# Percentile points (from 1 to 99, in that order) estimated from the
# Survey of Personal Incomes
12000
12200
12500
12700
12900
13100
13200
13400
13600
13800
14000
14200
14400
14600
14800
15000
15200
15400
15600
15800
15900
16100
16300
16500
16700
16900
17100
17300
17500
17700
17900
18100
18400
18600
18800
19000
19200
19500
19700
20000
20200
20500
20700
21000
21200
21500
21800
22000
22300
22600
22900
23200
23500
23800
24100
24400
24800
25100
25500
25900
26200
26600
27000
27400
27800
28300
28700
29200
29700
30200
30700
31200
31800
32400
33000
33700
34400
35100
35800
36600
37400
38300
39200
40100
41000
42000
43000
43900
45100
46500
48300
50400
53000
56300
60500
66100
73700
84600
116000
