# Interevent times (in seconds) for a simulated memoryless process
# with variable rates.
50.1
5
0.2
34.9
7.8
1.8
16.5
4.1
16.8
15.3
37.7
32
33.2
61.1
35.1
0.7
17.6
0.3
36.8
10.4
40
14.6
7.7
18.9
4.9
20.3
0.1
7.1
14.9
18.7
8.7
0.2
32.3
0.2
16.3
0.6
86.5
18.6
0.4
68.6
2.6
41.8
50.4
0.8
24.7
44.1
19.6
6.8
2
1.8
39.2
4.4
33.4
2.4
29.2
28.8
55.3
0.5
17.9
73.7
58.2
2.7
16.3
40.4
29.2
20
32.6
28.6
14.4
53.9
1.7
3.9
52
3.5
0.2
18.3
28.2
27.8
6.5
4
5.3
7
19.9
18.9
9.7
2.7
3.2
47.9
3.3
4.1
5.3
15.1
5.5
14.9
19.9
10.3
3.4
8.4
18.7
15.5
18.2
18.7
46
0.4
5.3
18.7
9.8
5.6
1.8
12.9
13.4
9.4
7.4
19.3
10.8
1.1
9.3
18.5
26.2
40.5
2.6
10.4
2.7
8.9
19.8
55.6
14.6
20.7
29.1
18.6
11.9
2.7
49.5
32
17.3
37.3
21.9
7.4
3.9
15
16.3
42.5
2.6
14.9
124.6
3.6
0.9
13.8
73.1
43
69.8
67.2
10
22.5
10.4
24
12
82.3
0.3
12.9
1.8
15.2
21.5
23.4
24.8
9.6
16.4
17.9
12.9
6.3
27
3.4
10.4
7.8
45.9
22.2
6.2
16.6
2
10.8
5.7
26.5
31.1
39.2
38.5
26.6
21.8
13.4
39.5
2.2
21.1
23.3
16.5
10.2
2.8
24.8
23.8
75.1
3.8
0.5
6.8
0.7
9.8
28.7
8.4
6.8
10.8
123.2
2.4
18.5
3.3
9
3.7
18.4
25.5
10.4
53.9
27.6
6.4
17.5
40.7
112.9
43.2
7.5
38.7
9.6
9.3
6.2
34.5
7.5
73.5
23.2
7.5
27.2
10.3
11.1
3
38
10.4
51.3
4.9
27.2
11.1
12.4
3
0.6
11
29
26.9
6.5
1.5
0.8
17.7
6.6
11.4
17.7
6.4
24.3
8.2
12.6
7
7.7
4.6
57
14.3
11.1
3.5
4.3
3
67.2
23.7
5.5
35.8
38.6
1.9
25.4
5.1
2.9
30.3
17.1
143.8
5.6
0.5
15.9
1
2.5
6.5
23.7
29.6
45.3
10.5
8.2
10.6
32.9
4
10.6
4.3
20.9
4.2
48.5
4.3
3.9
6.8
12.1
0.7
13.9
9.9
13.2
28.2
11.8
22.4
8.3
50
49.9
6.3
20.5
13.5
32.8
12.3
60.4
61
5.4
31.3
26.4
12
50.6
6.3
9.9
0.6
24.3
4.5
3
25.4
3.1
11.7
34.2
13.6
0.6
13.3
32.7
3.4
8.5
41.1
64.2
39.6
6.7
26.1
24.9
61.3
12.7
13.6
94.2
3
18
60.3
22.6
15.3
8.6
1.7
22.5
7
5.6
7.9
5.1
44
2.5
19.3
41.2
0.4
25.5
14.6
12.2
18.5
46.6
4.6
6.6
11.1
14.6
13.1
20.8
6.8
18.8
4
6.2
2.5
4
13.8
14.6
21.1
2.3
37.8
0.4
4.3
62.6
12.2
37.3
16.3
0.5
8.6
12.7
67.1
18.1
0.5
8.5
16.7
15.7
3.5
5.8
2.9
15.4
17.4
13.3
20.2
0.4
20.7
27.9
50
19.4
1.9
18.2
9.6
89.5
4
8.6
15.5
26.8
5.6
63.4
1.7
37.7
16.7
53.4
13
54
0.1
18.1
0.2
1.7
4.9
11.8
25.1
1.4
42.6
37.7
3.7
145.4
39.9
6.6
2.2
9.8
25.2
13.5
32.9
4.7
56.8
6
97.6
3.1
16.4
4.5
8
18
11.7
44.7
5
0.5
42.7
32.8
0.1
17.1
37.3
71.7
11.5
31.1
7.1
0.9
8.2
15.1
0.3
12.9
36.5
1.6
0.6
16.8
20.9
2.8
37.3
19.7
2.5
39.1
1.9
24.1
18.1
12.3
15
23.8
24.9
25.1
28
25.8
25
18
3.8
7.1
8.5
40
2.3
5
49.7
37.9
21.8
10
1.9
2.5
5.8
55.2
60
10.9
1.6
72.3
3.2
15.7
1.3
12.6
18
10.7
38.1
54.1
49.2
0.4
3.2
7.5
14
21.4
0.6
53.3
91.6
24.1
21.2
20.1
5.2
5.4
5.7
6.3
83.1
21.3
14.4
11.1
17.6
14.5
14.9
42.7
7.6
16.8
3.7
14.6
10.3
2.1
52.9
31.9
31.1
0.4
0.4
37.8
0.3
24.7
3.6
8.1
10.8
4.4
1.4
16.8
46.7
4.3
0.7
15.6
34.2
11.8
64.8
43.3
6.6
32.4
0.1
10
35.9
12
1.1
0.6
29
36
22.7
53.5
7.8
131.6
10.7
19.5
2.8
15.4
25.1
15.4
0.9
7.4
7.6
19
5.6
5.7
15.9
39.9
5.2
7.8
22.5
23.8
38.5
11.3
120.5
14.1
6.7
18.1
3.7
8.4
7
67.4
30.5
15.5
3.6
34.2
21.9
3.2
1.7
10.6
30.5
25.3
12.2
0.6
33.9
43.5
30
21.2
20.6
5.4
26.4
6.8
3.6
14.2
28.6
42.1
3.2
60.2
9.1
5.7
48
14.3
28.1
22.5
34
9
20.8
41
0.1
20.3
9.3
30
29.7
24.5
15.3
10.7
22.8
2.8
36.8
4.6
39.8
2.6
5.8
60
6.4
14.8
14.2
36.2
5.9
28.1
47
83.4
32.6
28.3
34.7
0.2
5.5
13.2
20.5
14
76.9
39.9
26.6
32
22.5
23.9
2.6
18.6
11.2
4.3
13
4.5
0.8
3.9
18.5
5.8
24.5
3.8
11.8
17.9
39.4
0.4
35
15.7
5
21.2
9.2
28.4
11.4
7
16.3
39.4
27.9
11
13.8
33.6
15
7.1
2.8
2.2
15.4
44.6
2.7
7.9
2.8
14.4
42.4
5.5
4.8
37.3
60.1
9
10.6
2.7
12.8
22.1
27.8
13.7
18.4
6.3
0.7
6.6
5.4
46.6
3.2
44.5
4.9
1.2
5
1
6.7
24.1
4.7
28.9
13.9
99.2
2
41.8
18.2
15.5
15.1
34.1
1.7
3.4
0.7
6
14.6
13.1
14.7
47.4
7.6
33.6
1.6
13.4
23.7
24.9
6.1
23.6
15.4
55
10.6
8.3
9.7
17.6
14
60.2
25.7
29.5
19.1
47
5.6
46.7
11.3
8.3
10
37.9
13.6
15.6
23.3
21.2
15.7
3.1
5.1
11.9
8
24.7
4.8
89.3
56
43.8
29.6
7.4
16.1
10
77.7
3.2
34.3
4.5
24.3
8.7
61.3
2.4
17.3
39.2
24.4
25.3
11.7
52.3
7.1
3.8
5.8
12.8
46.6
58.2
17.3
15.6
5.2
7.5
35.8
0.5
10.4
6.6
20.1
8.4
2.3
26.2
22.3
2.1
41.7
35.9
16.7
0.4
20.6
14.2
4.2
5.4
21.4
2
15
15.3
7.7
3.2
6.6
26.5
15.5
16.4
14.4
11.7
4.6
22.5
1.6
24.3
32.8
5.3
32
1.6
53.5
6
6.6
10.1
12.2
25.5
4.6
2.5
46.2
12.5
0.7
48.4
2.7
1.8
24.6
12.3
13.8
21.4
13
7.5
3.2
6.2
6.5
29.8
9.3
44.8
16.8
15.8
29.5
8.8
29.6
5.7
60.1
3.1
6.4
23.6
31.1
5
23.5
31.8
1.7
17.1
96.2
5.4
23.6
15.2
10.2
25.1
3
14.4
28.5
107.1
56.4
48.7
18.1
0.1
9.5
55.5
17.1
61.6
9.2
5.6
33
7.3
0.4
22.7
1.8
29.2
17.4
10.5
55.5
7.8
53.7
2.2
48.1
6.4
14.1
35.5
21.7
41
29.4
16.5
26.9
41.3
8.6
2.9
22.8
1.9
11.4
8.7
10.3
3.7
29.7
5.8
20.9
17.9
36.1
1.7
12.8
41.1
33.7
10.4
2.3
8.7
18
15.9
17
2.5
17.7
9.5
32.2
10.5
30.2
5.9
15.2
3.2
31.1
14.6
0.4
2.1
18.6
6.4
14.7
25.4
5.9
48.4
54.8
0.6
8.8
49.8
7
12.7
16.5
57.1
81.9
20.3
63.4
42.2
6
2.7
32
18.4
0.1
2.6
15.3
23.4
1
31.8
29.2
17.9
17.8
7.8
2.6
18.5
41.4
34.9
5.9
21.2
4.1
3.9
6.1
82.3
7.5
6.8
21.2
38.8
32.6
27.5
5.4
42.3
8.4
10.6
5.5
3.9
11
10
31.9
18.9
68.8
33.3
24
22.6
2.7
13.2
8.5
9.2
28.2
11.8
2.7
7
2.8
6.4
15
22
17
0.8
10.9
8.7
5.8
4.5
27.8
8.3
9.1
17.4
13.2
3.6
21.5
8.1
3.8
2.9
0.7
0.2
19.3
9.1
3.3
11.7
6.3
4
4.9
8.7
2.5
12.6
16.3
24.3
2.5
9.2
8.1
0.7
23.1
8.5
6.8
2.4
27.1
1.5
19.3
5.6
4.2
3.5
0.6
1.2
16.8
13.5
4.7
7.1
4.4
12.8
7.8
4.5
4.4
2.9
10.1
19.5
3.7
0.5
2.6
0.3
0.7
7.3
11.3
5.9
8.9
13.8
9.2
16.1
2.1
0.8
48.4
3
6.9
0.6
1.4
4.4
15.8
10
0.2
0.7
13.4
7.9
2.2
13.7
0.2
11.6
0.1
21.3
5.6
4.7
2.7
2.3
10.8
4
13.5
23
0.4
6.9
1.6
13.6
0.3
1.9
16.2
4.4
18.1
0.9
3.8
4.4
1.6
1.8
11
3.6
5
1.4
3.2
5.3
0.2
8.9
7.2
15
22.6
3
1.9
23.2
18.7
10.9
25.8
3.4
0.1
3
3.9
4.5
4.9
8.1
1.9
17.8
1.6
22.4
4.2
9.2
32.4
15.1
10.8
9.6
5.6
3.7
2.8
6.9
4.8
23.2
18.5
7.1
1
11.9
0.5
0.6
8.1
5.6
10.1
9.1
19.5
1.5
16
1.3
9.1
8.5
0.8
8.9
1.5
2.5
2.3
19.9
0.9
18.3
11.8
12.1
26.6
14.9
21.1
1.1
5
14.6
6.8
1.3
28.4
6.8
5.6
1.8
4.8
11.5
5.8
13.3
3.9
0.4
2
0.4
2.9
2.8
10.1
31.7
8.3
0.6
16.5
10.9
2.2
4.8
7.1
0.6
15.4
3.7
5.3
9
21.6
7.6
7.8
1.4
2
3.9
8.8
1.2
20.7
3.5
8.3
11
25.5
14
15.9
3.7
1.4
5.2
0.6
1
6.8
9.8
13
5.8
0.4
9.1
4.5
12.1
1.9
1.9
6.2
1.8
3.4
1
2.5
2.7
4.9
20.4
8.1
38.2
17.7
0.8
2
15.5
9.3
6.6
8.9
4.9
10.7
6.1
7
6.7
0.8
7.2
0.6
4.4
11.6
4.7
6.2
6.7
12.5
7.7
5.5
14
7.9
8.5
5.2
2.8
1.7
5.1
3.8
2.1
3.2
1
51.9
3.1
3.5
35.8
11.6
1
1.8
5.8
4
5.1
14.2
16
14.7
5.4
1.5
1.5
1.9
5.9
1
2.5
0.5
0.5
5.6
2.3
9.2
0.5
5.2
16.6
0.6
2.8
8.9
13.2
13.6
1.4
2.5
2.2
12.9
1.2
7.9
0.9
2
3.9
0.6
23.6
1.5
11.8
2.1
21.8
0.9
6.1
6.1
15.7
12.1
10.9
1.6
6.5
11.1
2.6
17.4
17.8
11.6
19.5
0.1
19.8
4.5
13.5
11.3
6.7
3.9
1
23.6
23.2
24.7
11.2
1.9
6.9
18.1
19
1
1.6
26.8
4.2
3.6
5.6
2.5
14.1
1
4.1
12.8
0.1
5.9
0.4
13.3
2.5
1
1
3.3
21.8
4.1
10.9
1.8
1.4
6.5
2.3
4.4
13.5
2.8
2.3
14.9
4.1
0.5
7.1
3.7
5.5
3
5
13.2
40.1
3.2
15
9.4
14.6
3.2
1.4
2.7
8
9.6
0.9
9.4
1.9
5.3
20.2
8.9
3.8
16.8
1.4
3.2
3.9
7.5
8.5
14.2
2.5
35
6.4
4.5
11.2
36.2
3.5
6.2
1.5
7.1
6.4
14.3
4.2
12.6
25
8.5
5.2
3.1
6.8
2.5
9.1
21.7
21.7
5.9
5.9
8.2
8.3
0.6
6.8
4.9
19.4
0.7
0.3
6.5
12.1
4.6
14.9
0.4
2.4
29.5
1.6
7.5
0.6
10.4
3
13.9
1.1
2.1
18.1
7
33
14.4
10
3.2
4.4
3.6
4.6
2.8
1.8
7.6
9.9
0.7
2.7
4
22.3
8.5
7.8
0.4
1.8
31.7
21.2
2.2
5.9
0.1
7
7.6
5.7
45
7
8.5
18.7
23.7
2.1
16.2
14.7
2.5
5.3
39.1
4.7
30.6
9.2
13.7
1.3
6.3
2.2
16.7
1.4
14.2
0.2
15.6
2.3
1.7
10.5
12.6
0.9
5.6
0.5
4.1
13
25.8
2.4
4.9
18.3
20.3
3.7
2.1
6.5
1.3
10.8
0.5
19.4
2.2
6.1
2.8
6.5
3
25.3
7
12
1.8
9.2
2.6
2.5
14.7
7.8
0.4
7.7
3.6
9.1
0.9
6.3
5.9
1.7
4.6
0.6
4.1
24.3
2.9
1.1
3.9
0.7
14.5
0.4
3.4
0.4
2.6
4.9
8.5
2.1
4.7
9
15.9
0.9
2.6
4
0.8
10.5
10.2
12.4
6.9
20.2
3.3
19.5
0.4
5.7
0.6
25
2
4.2
0.5
0.8
2.8
1.3
3.9
4.7
0.1
8.6
3.7
4.7
7
1.7
5.1
4.7
8.1
5.5
2.8
11.4
0.8
3.5
7.4
19.6
42.7
30.4
6
4.1
5.3
14.7
25.1
3.6
3
5.4
14.4
1.6
5.9
7.4
9.8
4.9
3.8
15
13.1
2.1
1.1
8.3
9.7
6.8
10.3
2.5
15.3
3.7
1
1.1
4.5
8.4
23.6
9.8
2.1
5.7
0.1
1
2.9
10.3
3.2
13
8.1
1.8
6.9
1.6
5.7
1.5
46.3
7.6
6
1.5
4.4
12.2
0.5
19.4
4.8
3.7
11.3
16
7.5
14
26.4
0.5
9.5
7
4.4
3.8
8.7
13.1
30.1
6.3
22.6
19.7
12
8.8
3.5
7.9
1.5
0.2
5.1
19.3
16.2
3.7
6.1
2.7
0.1
4
2.7
3.8
0.5
12.2
6.8
4.9
9.7
2
2.9
8.8
21.9
9
7.2
1.6
8.9
1.6
4.4
5.7
18.7
2.2
1.2
0.2
10.8
22.5
4.5
2.6
3.7
9.1
8.2
2
10.4
21.8
14.5
8.6
0.2
5.4
10.1
6.6
4.7
0.1
11
14.4
8.8
15.5
11
6.2
9.6
1.7
2
7.2
1.5
10.3
8.3
5.2
2.7
6.3
5.3
0.4
3.2
13.3
0.3
8.9
20.7
5.7
4.5
0.2
2.6
1.2
9.7
0.1
13.6
0.2
1.7
11.8
1.1
6
2.7
28.8
5.4
5.9
20.5
5.5
6.8
2.7
10.2
0.8
15.9
3
6.7
14.3
3.1
13
9.4
3.7
0.8
11.1
7.9
6.6
15.1
1
10.8
1
2.2
5.3
5.4
20.9
20.3
13.6
16.7
4.2
30.2
24.4
4.3
13.3
1.7
2.5
3.6
12.4
6.5
7.1
1
5
3.5
6.9
14.6
14.6
10.4
2.1
18.3
15
1.8
19.2
0.5
26
4.6
4.9
22.7
2.5
14.5
10.1
1.9
9.1
0.6
10.5
0.7
3.7
8.2
3.5
28.9
3.3
17.7
5.9
27.5
10.4
8.1
2.9
33.6
4.2
7.9
4.1
3.1
26.4
0.5
5.7
1.4
6.5
33.6
6
3.4
2.5
2
0.9
4.1
1.7
1.2
21.2
2.6
5.7
6.3
0.5
1.5
2.9
8.1
8.2
9.8
1.3
10.3
1
32.2
5.6
0.1
8.9
14.1
11.4
24.3
22.1
9.1
6.8
59.7
0.4
13.7
7.9
5.9
4
15.3
4.7
5.4
3.2
16.8
14.7
5.8
3.4
2.6
4.5
8.8
8.9
0.2
11.4
4.6
1.1
5.1
9.1
10.1
1.7
2.1
4.1
3.3
5.7
6.6
6.8
8.6
1.9
17.9
9.9
10.1
14
30.9
10.8
1.8
2.9
0.9
5.6
26.2
1.7
7.2
9.3
3.4
4.3
23.2
0.9
1.2
23.8
13
13.3
2.3
1.6
3.4
15.7
3.3
1.8
0.9
14.6
0.2
3.1
13.7
6.6
6.5
7.1
1.5
1.2
7.8
2.4
3.6
11.4
4.1
16.6
0.5
4.2
5.4
15.4
10.2
4.5
16.6
16.9
15.8
16.6
9.8
8.5
33.2
25.3
9.1
17.8
3.2
3.4
21.1
0.3
6.1
9.1
5.1
0.1
0.7
5.3
13.3
1
12.3
6.5
8.7
2.3
2.3
1.8
6.7
14.5
5.6
12.1
0.4
19.4
3.2
7.6
24.6
1.7
14.8
3.6
2.5
5.5
2.6
5.8
0.1
6.3
4.1
3.3
41.4
5.3
0.5
4.3
5.6
9
1.8
2.2
7.3
3
9.4
3.1
9.6
8.2
12.7
2.7
0.8
5.6
19.9
3.4
2.3
29.7
6.4
11
18.9
9
5.3
7.2
3.2
7.5
0.8
11.1
9.8
0.9
3
3
5
5.9
1
2.6
13.2
12.7
27.9
4.9
5.7
1.5
2.5
9.8
0.1
15.1
14.5
2.8
24.9
0.2
9.4
35.8
10.9
8.9
3.6
26.6
0.8
1.9
1.3
3.2
31.6
1
8.5
7.7
4.8
8.4
0.8
11
2
12.4
9.1
17.2
5.2
0.5
5.7
5.7
10.9
6.3
10
3.8
2.8
3.9
1.8
14.2
1.7
15.6
1.9
2
11
15.5
2.8
8.8
7.7
3.6
18.9
0.8
12.1
8.6
10.1
4.8
9.7
8.1
12.2
23.7
2.9
4.7
40
23.6
13.4
9.2
0.2
2.1
1.8
1.3
1
5.5
1.8
3.8
7.8
2.6
0.3
22.5
11
3.5
0.1
38.4
2.2
3
11.7
2
0.1
1.1
4.4
9.5
3.3
8.5
21.9
2.5
0.2
16.4
4.1
1.5
1.2
15.3
7.9
28.3
3.8
1
2.8
0.4
10.6
4.2
0.7
2.2
0.9
1.9
2.5
0.7
15.4
0.4
11
4.5
29.9
6.4
9.7
5
0.9
0.2
0.6
2.2
19.7
39.2
2.5
7.7
1.4
8
34.4
2.7
22.1
13.5
0.7
2.5
3.2
20.9
7.9
5.3
7.7
33.3
9.2
16.9
10.1
4.9
2.9
9.1
8.2
2.7
13.7
11
4.2
0.1
8.8
13.7
4.1
4
2.9
5.8
18
10.9
6.7
0.8
13.2
3.5
5.7
7.2
0.8
2.5
3.9
2.7
7.5
15.3
4.4
20.3
14.2
1.6
0.2
2
12.3
0.3
8.9
12.3
34.3
0.9
0.5
16.9
15.2
5.6
1.4
3.8
10.7
3.7
2.7
6.8
7.8
11.2
13.1
20.9
4.8
0.2
2.9
3.6
2.2
7.7
1.4
5.4
1.7
0.1
39.3
17.6
3.5
8.1
4.4
26.7
2.3
12.6
5.8
3.2
3.9
8.1
9.3
22.7
1.2
13.4
3.3
1.9
9.9
54.1
20.5
27.9
3.7
17.9
4.2
9.3
13.4
39.4
17.8
48.8
2
12.9
45.7
35.9
13.5
0.2
16.3
56.8
2.6
46.4
11.8
7.1
44.3
38.1
0.5
1.4
8.7
46.3
8.9
4.1
73.2
10.9
9.4
16.3
4.8
10
31
39.8
27.3
15.1
6.7
53.9
1.8
1.5
19.2
7.2
19.2
18.3
2
4.5
30.5
26.6
16.1
12.2
16.7
12.4
26.7
26.7
20
38
2.2
15.6
26.7
14.2
13
7
38.4
1.6
1.9
87
10.8
7.2
3.5
6
36.3
31
42.2
45.9
35.2
3
78.2
7.1
20.8
18.3
11.4
1.6
3.2
3.1
4.3
14.3
5.1
0.1
9.5
2.9
10.2
21.6
13.1
8.2
1.7
31.5
25.4
7.7
1.9
30.7
39.2
27.6
51.3
2.6
2.3
44.6
1.5
10.9
2.7
34.4
125
14
10.6
18.1
37.6
75.5
11.6
12
15.7
0.3
26.7
23
8.4
18.1
0.8
65.4
55.8
2.6
1.1
47.6
44
20.3
78.9
11.7
2.1
6.3
19.4
18.8
16.1
47.9
26.2
27.4
8.3
31.3
15.7
10.5
102.6
24.8
1.9
1.7
21.3
46.9
0.9
1.3
21.7
10
35.3
44.3
22.7
25.2
0.5
5.5
20.6
66.2
6
0.9
3.2
6.8
7.2
5.8
2.5
33.6
13.7
8
31.3
8
17.5
5.2
15.3
5.3
9.6
19.3
13.4
16.6
1.9
13.1
0.7
36.7
0.6
0.4
22.4
36.8
27.3
17.3
14.3
13
19.5
23
8.9
37.3
33
89.6
22.1
5.4
8.7
5.5
8.4
31.7
25.1
4.6
23
3
23.2
0.4
8.3
41.1
8.1
3.3
36.8
61.7
28
2.9
2.6
54
9.1
5.5
2.1
5.4
7.7
1.5
5.5
2.2
26.2
36.1
1.7
11.5
10.6
1.4
7.6
56.7
67.6
14.6
3.2
2.2
17.2
21.6
8
8.6
37.2
5.7
30.4
5.3
1.1
24.1
41.7
15.9
12.2
14.2
41.1
0.1
0.8
57.6
21
7.4
6.1
71.9
33.3
5.8
27.9
19.1
13.1
14.5
10.3
18.2
7.2
14.1
8.3
11.7
10.2
21.1
6
1.5
11.8
4.6
1.8
6.7
2
32.9
13.8
0.2
54.8
18.7
2.1
54.5
36.1
32.4
10.1
20.7
29.4
10.7
12.6
22.9
20
4.6
1.8
24
12.6
5.7
34.6
26.4
61
31.4
6
67.3
2.7
9
4.5
14.5
68.4
16.2
27.2
17
22
5
39.4
4.8
17.1
21.9
20
10
32.2
11.7
10.1
1.6
43.9
5.9
46.4
4.1
12.6
62.7
31.7
17.1
4.9
49.9
84.7
4.7
3.6
6.2
6.9
2.6
4
7.9
17
25.3
3.3
2.4
11
101.7
52.2
19.5
23.3
11.8
4.8
113.6
13.3
52.7
18.5
81
4.3
41.8
5.2
54.7
9.7
121.1
4.4
2.7
15.6
32.3
6.6
39.5
15.6
34.3
3.3
2.3
8.8
2.8
9.1
1.7
10.4
23
1.6
28.2
44.8
27.8
12.1
23.9
7.7
9.6
24.6
9.7
33
5.6
52.7
20.7
15.9
3.9
18.7
11.3
3.6
46.1
1.9
0.9
3.2
6.7
2.5
1.8
27.6
51.2
38.2
9
55.9
16
7.6
6
54.9
82.2
8.4
2.6
16.5
21.8
27.1
45.2
12.3
8.2
52.2
10.6
17.4
88.6
56.6
37.1
30.4
2.1
5
61.3
3.8
31.8
3.7
3.7
7.1
7.6
47.2
27.9
17.5
31.7
64.5
34.4
7.4
16.8
14.1
4.8
6.4
5.4
0.7
25
27.6
0.9
43.4
1.4
9.2
35.5
23
20.7
16
94.8
1
1.6
15
1.1
29.2
8
47.9
2.3
1.6
22.4
19.4
12.7
5.2
11
26.1
6.1
31.6
10.1
5
19
35.3
28.3
21.9
9.9
17.8
36.1
4.5
29.7
0.1
31
2.2
11.9
13.5
1.4
62.5
15.6
17.7
82.6
22.8
13.5
5.3
21.4
25.4
5.7
5.4
1.7
8.3
11.8
33.1
37.7
16
50.9
47.3
0.7
15.2
7.7
6.9
0.5
52.7
6.1
63
11
29.4
19.6
8.9
27.6
35.9
69.2
9.4
3.5
3.4
8.8
2.8
3.7
29.8
8.7
34.3
13.3
47.9
2.6
12.1
8.1
29.7
15.2
69
16.4
7.1
5.7
3
16.2
10.8
49.1
35.3
8.3
6.2
51.4
8.7
25.1
27.3
72
0.8
30.4
13.6
3.6
41
13.1
24.4
6.9
37
7.1
1.6
28.4
0.6
1.8
15.4
2
18.2
28.6
3
39.6
46
14.3
8.7
28.7
34.1
10.5
38.2
22.1
20.2
2.6
30.4
17.4
7.3
3.8
20.5
3.8
1
43.2
27.7
12.4
19.2
15.8
0.6
5.4
9.7
0.8
12.6
2
6.3
18.7
32.9
1.6
27.4
7.5
9.6
15.2
37.7
4.2
29.8
6.3
14.1
12.6
24.3
34.2
13.2
7.6
57.7
9.9
19.5
6.5
18.6
10.1
26.6
15.8
15.1
23.7
6.8
22.3
4.3
69.2
5.1
12.1
21.6
16
13
0.9
14.6
4.2
9.1
34.2
2.2
35.9
20.3
26.3
3.6
7.7
13.1
11
10.2
10.7
4.1
21.2
25.1
22.2
11
47.9
41.2
0.9
43.2
15
27.1
20.3
45.1
12.5
0.1
20.5
6
4.1
40.1
31.5
7.1
16
40.9
16.4
20.4
2.1
11.8
17
21.3
5
8.6
6.5
63.5
3.2
4.3
33.4
12.1
10
20.1
17.2
21.4
11.7
2.4
3.6
11.9
42
13.1
1.1
3.8
2.7
18.5
36.4
11.7
8.8
36.2
85.1
3.3
11.1
67.8
85.3
68.7
3.1
40.8
2.5
0.6
7.7
16.8
10.1
5.2
9.5
23.4
13
16
28.7
1.4
10.5
31.2
8
17.5
20.7
21.5
46.9
12.8
2.1
21.7
9.4
1.4
3.5
11.8
2.4
7.9
31.5
10.6
19.7
56.8
4.8
21.9
8
63.2
10.6
9.3
29.7
8.7
17.3
6.8
6.2
0.6
1.9
5.9
23.2
13.6
4
30.8
28.4
77.2
38.1
90.4
61.9
3.4
40.2
25.8
2.8
9.2
34.3
12.9
33.2
1.4
9.7
11.5
40.5
39.9
10.4
8.8
8.2
10.2
1.5
2.2
9.5
38
31.9
18.8
18.1
13.8
3.4
15.9
15.6
7.8
20.4
5.5
17
36.5
9.9
3.1
2.1
55.1
11.2
16
67
25.4
4.9
4.8
15.5
37.6
19.4
14.1
10
67
19.9
7.2
2.8
8.8
8.6
33.1
14.5
0.1
12.8
31
21.9
0.8
15.1
39
25.2
49.5
38.4
6.2
19
7.8
49.1
30.4
40.8
7.8
9.1
3.5
0.1
10.2
27.2
26.2
14.2
12.7
1.6
1.4
6.7
7.7
3.3
95.4
9.5
9.6
37.7
73.7
23.7
59.9
8
14.2
18.4
1.5
56.7
28.9
8.2
3.5
18.8
24.1
4.8
14.2
14.8
6.7
51.2
11.2
5.7
40.6
19.9
6.2
8
0.8
65.7
15
0.3
20.3
13.9
16.1
8.3
4.8
41.5
4.6
11.2
5.4
2.8
13.4
16.6
67.1
18.3
33.3
25.2
3.5
0.6
22.1
20.5
9.5
3.8
3.1
33.3
15.8
12.8
56.6
17.7
17.8
4.1
12.8
29.5
46.4
5.1
9.9
26.4
7.1
12.7
3.2
94.9
29.6
0.2
39.7
35.6
46.5
19.4
42.2
11.8
13
13.5
20.6
18.7
6.7
1.6
5.1
44.2
6.1
20.6
15.9
12.2
51.6
65.9
26.8
18.2
2
61.1
17.3
19
9.9
19.1
0.7
26.6
1.6
13.2
7.1
14.7
1.7
24.9
5.6
11.6
14.7
45.6
50
116.5
1.6
7.3
8.7
10.4
20
46.6
40.7
39.8
16
2.7
22.1
10.7
5.8
9
7.7
0.5
11.9
78.4
77.9
15
7.6
7
23.4
51.4
6.5
17.7
59.1
2.3
112.6
0.5
18.8
3.7
20.3
37
21.5
60.5
2.2
6.1
17.2
18.7
43.1
34.1
7.9
55.2
2.3
28.2
11.1
27.6
8.2
64.3
4.4
12
13.5
8
50.7
52.6
1.8
20.9
40
8.2
16.2
17.5
7.1
3.3
24.3
17.9
4.2
8.4
18.2
29.5
10
14.3
14.3
17.2
21.1
53.4
2.9
0.7
23.1
13.2
18.5
35.1
13.7
21
1.6
6.5
8.9
24.8
23.5
2
33.3
50.7
15.6
6.1
2.6
16.3
9.8
39.2
9.2
0.5
5.4
15.9
67.2
36.2
28.4
6.3
6
5.3
1
3.3
30.3
24.1
3.1
4.6
5.9
7.2
8.6
2.7
26.9
30.9
10.2
101.1
9.2
21.5
4.3
12.9
6
3.3
57.2
5.1
34
27.6
14.4
30.5
21.5
7
11.8
46.5
9.7
2.8
25.4
4.2
2.6
49.3
12.6
16.6
7.3
17.5
18.9
1.7
9.8
13.3
12.1
9
14.9
32.6
13.3
22.3
11.7
18.6
15.4
30.3
33.3
21.8
94.6
71.1
29.3
102.6
46.8
20.6
1.4
20.6
8.1
7.4
3.9
2.7
28.3
28.9
2
3.4
41.5
23
4.2
33.3
9.9
10.9
9.3
42.2
18.9
3.8
15.3
8.3
4.5
7.9
35.7
11.6
22.7
8.4
29
49.9
7.7
33.5
48.7
21.4
8.5
0.6
10.1
1.7
4.2
14.7
3.3
49.2
62
7.3
109.5
9.7
21.8
39.1
72
6.8
3.6
4.8
63.6
38.7
17.5
5.8
32
3.8
12
21.2
0.7
9.3
7.5
0.9
0.6
31.2
3.1
1.7
0.4
1.4
4.5
26.9
12.1
8.8
38.9
35.7
34.5
41.3
88.6
4.7
57.1
19.9
127.6
2.9
21.1
6.5
9.3
39.6
0.1
33.7
11.2
50.4
3.3
16.6
5.7
66.5
11.7
109.9
28
9.8
77.2
22.1
23.7
0.6
8.5
52.8
14.6
36.5
43.7
11.5
7.1
56.1
1.7
13.6
1.4
27.1
25.1
3.6
73.7
1.4
36.6
8.3
3.4
4.5
31.2
0.4
10.3
16.9
51
29.1
3.6
3.1
4.7
4.2
9.4
30
10.7
0.6
4.1
18.3
42
1.5
17.5
23.8
4.6
7.9
27.1
9.9
4.2
10.6
46
25.1
9.9
17.9
6.2
1
22.8
20
39.6
2.7
1.8
13.2
15.5
0.9
12.1
19.4
0.8
0.2
14.3
1.3
1.2
0.2
5
10.3
0.3
0.4
5.8
6.3
5.7
16.8
19.7
1.4
14.7
18.8
2.1
1.5
3.6
4.1
4.9
0.3
23.4
1.5
13.7
2
3.9
2.1
9.5
17
5.4
12.3
3
7.3
16.6
0.7
4.7
2.7
5.3
3.5
6.1
17
1
0.2
16.6
6.6
10.5
20.5
5.7
1.2
12.5
14.3
2.2
1.6
7.6
1.3
16.3
18.7
0.9
9.9
8.9
6.1
1.4
3.2
3.7
4.5
0.9
5.1
18.1
15
1.8
9.8
7
1.3
0.3
7.6
7.9
4.4
31.7
2.4
2.2
3.9
24.6
45.5
31.7
17
8.1
12.7
2.3
21.2
5.9
4.9
15.9
1.8
8.3
2
21
0.5
5.4
8.5
12.3
3.7
1.6
12.4
32.8
6.9
14.1
1.3
2.9
6.7
13.2
8
3.6
8.7
4.7
22.2
7.2
1.2
4.3
6
2.7
1.3
1.5
0.9
8.1
2.8
2.3
12.3
14.5
13
9.6
3.9
13.5
0.7
1.4
9.9
2.5
2.7
2.7
4.9
16.2
17.5
4.6
2.7
5.6
7.2
1.6
3.1
9.8
7.7
10.2
50.6
4.3
11.3
2.9
11.7
4.2
2.3
2.2
4.4
3.6
8.1
0.5
3.7
20.2
10.9
3.2
16.6
6.6
16.6
20.7
9.1
1
14.2
4.6
10.1
8.3
5.5
10.4
3.4
9.6
1.6
5.6
1.4
1.8
4.1
2.4
3.9
0.7
3.2
12
0.3
2.8
14.9
0.4
23
2.2
27.3
2.4
10.4
5.8
5.1
6.3
36.1
0.2
9.4
2.9
1.8
3.4
6
8.7
8.2
3.4
0.4
25.1
2.8
14.2
3.2
9.1
3
41.6
8.6
34
5.4
0.5
7.6
9
9
2.9
14.4
16.5
16.9
7.1
5
3.9
3.7
5.4
5
0.4
1.8
8.4
8.5
8.1
2.6
6.5
6.2
3.3
5.6
4.4
20
7.4
25.8
3.2
5.8
14.7
1
7.9
6.8
15.1
12.3
0.8
6.4
2
0.6
18.6
3.7
6.6
0.2
4
12.6
3.7
18.9
7.3
1.3
2.6
0.2
14.9
8.2
4.7
2.9
7.1
5.1
11.9
4.5
2.9
30.8
0.8
6.8
7.2
12.1
21.7
5.9
26.5
7
0.6
20
5.2
8.4
9.8
20.3
0.4
3.4
25
0.6
2.7
2.5
15.3
0.2
6
0.9
4.1
0.5
1.2
1.8
5.5
12
8.2
4.4
14.6
3.2
6.6
3.6
26.9
1.8
15.2
2.8
2.3
6.8
1.9
29
7.4
8.1
1.6
1.7
0.1
8.2
10.2
3.9
9.4
12
1.4
3.7
19.3
22.5
4.9
23.5
1.4
10.2
9.4
13.5
24.9
6.7
5.7
7.4
0.1
3.7
35.9
12.5
3.6
2.8
9.7
18.9
9
34.5
6.4
0.8
0.6
4.3
23.5
8.8
7.7
10.8
6.1
1.8
4
1.3
5.6
0.8
30.7
6.7
2.9
8.4
0.3
4
2.3
5.8
2.9
2.9
0.9
13.9
6.4
1.5
13.3
4.1
29.4
4.5
0.6
6.3
16.1
6.2
1.5
1.3
0.7
13.5
1.8
9.7
11.1
5
9.1
12.7
7.8
1.2
0.4
2.2
7.6
15.8
2.8
35.5
3.9
0.4
7.6
5
4.9
9.6
9.9
9.9
25.7
2.8
2.9
0.2
6.2
2.6
9.1
3.1
5.3
2.1
12.1
1.9
10.4
12.5
13.1
3.2
3.4
21.9
3.9
10.6
13.2
0.4
5.5
10
9.5
0.4
10.8
11.3
2.9
15.3
3
9.2
5.3
4.3
5.1
9.6
39.6
15.6
16.7
5
13.1
1.6
3.1
2.5
7.4
6
0.6
16.6
7.5
3.8
4.1
4.9
17
7.8
17.4
16.1
0.1
0.5
2.4
12
13.5
15.7
26.2
3.1
8.6
1
5.7
12.6
12
6.6
2.6
0.4
2.6
10.8
0.5
5.7
11.6
8.7
5.6
22.5
4.3
10.2
0.7
10.9
2.2
0.8
9
10.4
11.2
17.9
13.4
14.9
18.8
3.4
5.4
10.7
7
15.1
8.2
12
22.2
4.1
3.4
8.7
3.8
6
2.1
5.5
14.9
0.8
1.8
5.4
0.3
1
18.9
42.5
8.3
8.7
8
6.2
10.4
13.1
9.9
1.8
26.6
4.7
3.7
8.2
1.7
2.3
5.4
16.8
0.5
16.5
0.4
7.2
3.6
2
10
5.8
12.1
1.4
17.1
14.9
14.6
6.1
11.6
0.7
0.3
0.8
7.5
5.8
4.9
5.8
16.7
5.1
13.4
3
2.4
5.9
2.8
9.5
7
28.9
11.7
5.7
0.9
7.3
0.8
8
5.3
0.1
4.3
6.6
3.3
5.7
0.9
10.9
10.3
6.8
4.5
3.3
12.9
2
1.1
4.1
6.2
4
13
8.4
0.4
3.6
7.1
2.6
5.9
6.6
8.2
21.8
6.1
19.9
3.1
0.1
2.2
3.7
16.3
18.5
9
1.9
2.9
0.5
5.8
3.5
3.9
1.6
0.9
7.1
4.1
17.2
7.4
0.3
3.8
3.8
11.8
0.3
2.8
6.7
2.3
4.7
9.9
1.8
8.8
6.8
4.7
0.4
0.9
8.6
0.8
3.4
3.1
24.5
17.3
3.6
1.5
14.1
12.6
12
10.1
5.2
12
5.2
4.5
6.4
43.2
8.5
0.4
5.1
2.8
9.5
7.1
35.9
0.2
11
3.5
11.4
0.4
7.9
9.6
10.7
3.1
16.5
6.2
28.1
4.7
15.4
12
2.6
1.8
2.3
0.1
0.9
1.7
10.7
7.7
9.8
8.6
1.2
17.3
0.2
4.2
0.7
9.3
13.3
7.1
0.2
4.9
1.5
13.2
1.7
9.4
20.8
0.1
12.8
0.8
12.7
0.3
9.1
9.6
6.1
2.4
1.7
7.2
12
11.5
12.5
0.1
4.6
0.6
9.9
26.9
1.4
8
14.7
5.5
10.8
7.3
3
2.8
2.8
0.3
2.3
3.7
4.1
0.3
9
7.7
2.6
1.2
2.9
18
8.3
3.4
1.9
15.4
0.5
37.4
7.4
2.2
5.8
13.2
6.7
28.7
3.3
0.1
6.5
1.6
20.8
3.5
5.6
13.4
49.3
13.8
9
3.7
5.2
2.8
4.3
10.4
6.5
7.7
4.7
3
11.2
0.5
22.9
8.3
7.8
16.9
10.1
15.6
1.3
4.1
5.7
6.3
13
10.4
1.2
2.9
0.6
5.5
10.9
6.4
8.9
11.9
10
18
2.8
0.6
9.9
0.7
25.8
6.4
3.8
21.1
5.1
11.6
3.2
1.6
5.2
3.2
2.1
6.8
6.8
7.4
1.8
3.8
2.4
11.4
0.8
8.4
6.1
2
1
4.4
3.5
5.7
9.6
7.9
2.6
5.8
0.3
4.2
3.4
7.7
7
10.4
25.7
2
0.7
20.5
5
5.5
25.7
7.7
14.1
19.2
26.1
58
1.9
3.7
0.8
1.4
0.6
4
18.9
13.2
18.5
20.7
9.8
0.3
0.7
19.2
8.3
12.9
13.9
1.3
5.5
0.4
7.8
13
2.5
7.1
9.9
2.1
1.6
0.7
4.1
5
1.8
0.4
27.7
3.1
20.5
9.8
0.5
4.3
1.8
2.6
0.9
5.5
0.5
1.8
11.4
1.1
5
15.4
7.2
2.7
18.4
1.2
5.5
12.9
2.3
5.2
0.1
9.4
7.8
8.9
19.2
3.9
1.6
1.1
4.5
0.2
6.4
1.9
9.7
11.4
24.7
4
2.6
4
15.5
3.6
1.7
10.7
0.4
2.4
9.5
4.4
14.8
20.3
20.7
11.1
12.1
11.6
2.7
2.8
6.9
12.6
0.3
3.1
12.9
3.1
28.7
2.1
1.6
15.7
5.4
4.9
26.3
2.4
32.8
2.7
1.4
6.6
2.1
4.4
12.1
2
4
2.5
14
15.4
1.8
2.6
15.8
0.8
1.5
0.9
5.9
15.6
8.4
0.8
10.4
10
6.9
2
11.2
19.4
4.8
3.7
4.3
5.8
1.1
7.8
2
0.8
0.9
33.1
1.5
13.1
5.5
1
2.6
4.3
7.2
5.3
5.2
2.9
6.9
4.9
16.1
12.7
23.1
27.4
2.4
6.5
1.2
25.3
16.9
2.3
3.2
20.8
6.8
0.6
2
4.5
10.3
13.5
10.4
6.3
0.2
5.6
4.2
6.7
0.8
3.5
14.7
7.5
0.4
16.2
0.7
0.2
3.9
2.8
3.4
0.8
1.3
9.8
0.2
5.4
14.4
6.5
4.4
11.1
4.9
1.4
5.4
9.4
6
10.5
4.2
3.3
11
5.6
5.4
3.3
4.1
5.7
21.4
0.8
17.4
6.4
27.7
5.8
12.1
8.7
3.6
14.1
6.7
12
7.9
5.1
6.2
0.9
8
4.3
3.6
0.1
11.2
6
1.2
5.5
10.7
2
0.8
16.8
3.7
0.4
4.7
6.5
15.8
8.2
3.3
0.4
2
32.8
5.7
6.6
11.3
0.9
18.4
1.4
14.2
10.3
0.1
5.4
2.8
15.4
2.1
6.9
5.9
0.1
0.2
1.4
29.4
9.1
48
16.1
72.2
18
8.5
17
1.5
49.6
34.4
23.1
7.7
74.2
21.7
10.8
37
7.8
16.7
8.6
2.4
9.2
29.1
3.3
39.7
12.9
60.5
7.3
41.5
18.4
19.5
33.3
40.4
4.2
2.5
2.8
15.6
3.1
4.9
1.3
11.6
1.5
41.4
12.5
2.7
39.8
23.5
3.3
4.4
4
11.6
71.5
83.6
11.8
11.1
7.6
6.8
6.5
0.8
9.8
17
5.7
6.2
38.4
57.8
25.5
12.1
3.2
19.7
17.6
31.4
12.1
27.7
14.4
15.6
5.5
9.2
21.6
59.6
1.1
14.8
15.4
6.8
1.9
10.7
24.9
8.4
0.5
19.1
26.6
1.6
1.3
44.2
1.4
23.2
19.8
14.1
17.6
6.4
45.8
35
26.6
3
7.2
13.5
6.9
11.7
6
29.6
2.3
39.8
26.6
10.8
2.6
26.9
19.6
2.7
0.7
10.1
1.4
5.5
26.7
13.2
20.9
16.9
4
12.7
26
8.8
13.3
10.8
12.4
80.4
10.8
5.6
0.9
12.3
9.8
23.6
28.8
13.8
46.9
0.3
14.4
1.7
21.7
23.5
12.5
24.4
8.5
27.7
14.8
3.3
0.5
19.6
15.7
30.3
2.6
13.1
14.9
89.1
41
25.7
29.1
48.5
29.5
7.4
5.8
56.7
2.3
71.7
7.6
20.5
127.5
11.4
0.3
7.8
0.1
0.1
27
4.3
15.4
7.3
52.9
8.9
6.5
2.7
8.1
16.4
33.2
16.8
16.4
12.7
27.7
34.8
19.6
10.6
98.4
1.6
24.1
5.4
26.1
21.8
58
60.6
69.5
5
85.7
35.7
7.6
83.3
7.3
28.5
14
9.1
46.1
4.5
4.5
12.7
6.5
4.4
20
25.8
35
3.4
9
21.5
1.5
1.1
35.5
20.9
46.5
40.1
3.9
26.4
10
2.1
25.2
45.7
36.6
3.1
34.3
1.6
31.3
6.9
26.4
17.3
1.4
1.5
26.5
2.3
20.9
31.4
33.3
2
6.3
19.2
1.5
63.3
14.5
8.2
53.1
2.1
13.1
23.9
13.9
7.9
35.1
22
34.7
13.8
9
2
2
3.8
11.3
18.5
13.5
2.4
44.8
11.6
18.3
12.3
23.7
19
35.1
1.2
8.2
32.1
18.8
14
1.4
8.7
27.5
6.3
29.5
10.5
3.9
19.6
0.6
35.4
3.8
28.4
15.8
7.6
4.4
5
0.4
13.4
15.4
39.3
20.2
12.2
76.3
0.3
5
39.8
9.4
6.9
25.5
2.3
22
9.6
30
16.3
25
41.4
21.6
1
0.7
2.3
22.4
26.5
0.6
26
28.7
21
45.3
8
4.6
48.3
4.8
3.8
33
6.2
34.8
27.9
3.8
9.6
3.2
38
7.2
11.1
73.2
5.3
58.3
10.6
41.6
7.1
28.3
29.1
31.9
40
9.8
14.3
41.7
38.9
10.4
3.1
1.4
22.5
13.7
10
1.8
40.1
3.7
48.6
0.6
2.8
49.3
12.3
16.6
10.6
9.9
0.5
113.7
40.1
14
4.9
15.3
9.4
22.4
5.4
4.2
16.1
6.1
12.5
7.6
36.7
4.4
15
6.5
5.9
1
59.7
3.3
10.1
4.3
4.1
6.1
9.9
0.6
13.4
10
0.9
9
3.9
2
1.8
19.7
7.4
34.4
16.6
7.3
5.7
58.9
19.1
20.1
40.2
6.9
0.6
4.2
25.4
8.3
20.2
25.5
1.4
26
10.5
46.9
27
8.9
4.7
65
3.7
21.9
2.7
14.8
15.3
19.9
67.4
1.3
32.8
22.4
3.6
10.1
33
3.2
10
1.7
14.1
24.4
33.9
42.6
9.9
8.1
5.4
22.2
9.5
27.1
0.5
10.5
23.7
9.8
16.6
25.1
2.7
28.5
5.4
9.9
0.4
29.7
0.4
10.5
14.1
16.9
3.4
15.4
14.3
19
1.2
13.6
7.3
23.6
33.5
21.8
56.2
27.4
13.1
2.4
6
22.1
48.6
58.5
37.3
49.3
0.5
16.1
6.1
0.7
59.1
5.4
7
8.6
2.3
9.9
0.8
8.6
13.2
15.8
5.2
8.5
45.6
30.9
12
3.3
10.4
3.4
36.9
17.6
29.6
25.5
17.2
13
42.5
9.7
6.5
42.5
13.9
38.7
31.5
15.7
24.7
29.9
18.8
14.1
1.2
41.6
9
2.2
35.5
15.7
80.9
18.1
8.7
9.1
7.6
8.6
40.6
41
37.3
6.2
25.1
15.5
5.2
49.1
7.2
49.2
26.3
1.4
13.3
10
6
1.2
5.6
1
1.7
9.8
8.5
12.8
7.2
7.3
14.3
36.9
52.3
9.1
20.2
1.6
39.9
3.1
28.8
2.2
21.8
10.6
0.5
20.9
63.5
37.4
16.9
3.2
28.1
1.3
3.8
13.6
2.5
16.9
44.2
3.2
4.4
33.3
2.6
26
5.9
2.4
21
21.7
39.1
12.5
17.6
8.4
11.7
18.8
8.7
13.8
15.5
10.1
13
0.2
1.3
7.6
38.5
38.9
43.4
38
82
4.6
49
11.7
4.7
26.7
4.2
24.6
25.8
29.3
11
28.5
41.7
31
4.2
26.8
26.6
9.5
0.5
0.2
1.2
65.6
31.4
80.6
49
1.4
23.8
12.1
0.7
3.4
12.2
6.6
7.5
16.6
17.2
48
3.2
7.6
32.3
20.1
16.3
16.8
17.1
11.4
11.6
74.4
4.3
4.5
16.3
21.5
18.3
9
21.1
1.6
21.1
89.7
7
0.6
25.6
12.1
13.9
4.7
6.3
27
20.3
14.3
1.4
20.2
1.2
5.2
23.6
57.8
6.8
19.8
8.5
8.5
1.2
1.3
23.7
35.6
36.3
19.7
10.4
7.9
14.7
24.3
65.8
17.7
43.7
51.6
33.2
26
18.9
1.6
8.4
72.2
3.7
41.5
10.2
11.6
50.6
18.2
34.2
13.5
31.8
25.5
5.2
9.8
8.8
22.2
3.1
7.9
43.6
6.8
7.7
19.3
46.4
5.9
11.6
6.7
0.7
44.5
38.2
0.3
8.6
9
43.2
20.4
0.6
14.5
44.1
53.8
3.2
30.4
13.1
27.4
16.3
19.3
10.7
32.5
15
28.2
28.2
0.9
2.6
17.2
90
67.7
30.8
21.6
4.5
28
5.3
2.2
49.1
47.2
50.6
0.8
29.1
6.3
11.9
17.9
40.7
33.5
100.6
7.3
1.7
27.8
0.9
71.4
4.6
25.6
9.8
9.3
53.3
30.3
42.6
31.4
11.2
0.4
2.3
49.3
6.3
23.4
2.5
7.7
39.9
51.8
2.5
3
6.4
34.7
66.6
13.8
10.7
10.1
2.1
60.6
1.5
27.7
26.2
6.4
6.6
17.1
6.8
14
7.6
33.7
8.4
24.1
12.8
53.2
97.9
5.6
1.1
32.3
7.3
12
3.1
2.1
10.2
28.7
29.2
4.6
24.1
16.3
72.7
4.8
25.5
9.8
60.7
70.4
22.3
7.2
51.7
37.9
5
64.4
4.5
7.7
12.1
11.1
2.3
2.3
9.9
59.5
32.3
0.6
37.7
65.4
18.8
4.4
17.7
13.3
30.8
8.9
0.7
21.9
24.5
11.9
10
9.1
6.9
21.9
22.1
7.1
5.4
0.5
4.4
31.3
1
21.3
18.9
37.2
6.8
14.7
17.6
32.5
13.1
5.6
4.8
9.9
1
33.8
7.3
10.4
0.9
16.7
9.6
15.5
12.8
